Call: 
traitMPT(eqnfile = "self_reference_MPT/model.eqn", data = data_smt_ability, 
    restrictions = list("a = g", "DNSG = DNw"), transformedParameters = list("delta_D=DSG-DNSG", 
        "delta_d=dSG-dNSG"), n.iter = 1e+06, n.adapt = 5e+05, 
    n.burnin = 5e+05, n.thin = 100, n.chains = 4, ppp = 1000, 
    modelfilename = "2htsm_predictor.jags", parEstFile = "results_base_model.txt")

Group-level medians of MPT parameters (probability scale):
           Mean    SD  2.5%   50% 97.5% Time-series SE n.eff  Rhat R_95%
mean_a    0.505 0.020 0.465 0.505 0.544          0.000  7943 1.000 1.000
mean_b    0.711 0.031 0.648 0.712 0.770          0.000  6179 1.001 1.002
mean_dNSG 0.187 0.176 0.004 0.132 0.671          0.002  5331 1.001 1.003
mean_DNSG 0.234 0.025 0.185 0.234 0.284          0.000  8936 1.000 1.001
mean_dSG  0.326 0.205 0.025 0.296 0.796          0.003  5744 1.000 1.001
mean_DSG  0.265 0.068 0.127 0.267 0.391          0.001  7506 1.001 1.002

Mean/Median of latent-trait values (probit-scale) across individuals:
                 Mean    SD   2.5%    50%  97.5% Time-series SE n.eff  Rhat R_95%
latent_mu_a     0.013 0.050 -0.088  0.013  0.110          0.001  7943 1.000 1.000
latent_mu_b     0.559 0.091  0.381  0.558  0.740          0.001  6121 1.001 1.002
latent_mu_dNSG -1.115 0.770 -2.657 -1.115  0.443          0.010  5453 1.001 1.003
latent_mu_DNSG -0.727 0.083 -0.898 -0.724 -0.571          0.001  8973 1.000 1.000
latent_mu_dSG  -0.547 0.688 -1.953 -0.535  0.826          0.009  6332 1.001 1.002
latent_mu_DSG  -0.644 0.221 -1.142 -0.621 -0.277          0.003  7548 1.001 1.002

Standard deviation of latent-trait values (probit scale) across individuals:
                   Mean    SD  2.5%   50% 97.5% Time-series SE n.eff  Rhat R_95%
latent_sigma_a    0.397 0.046 0.313 0.395 0.493          0.000  9091 1.000 1.001
latent_sigma_b    0.994 0.079 0.851 0.990 1.160          0.001 16535 1.000 1.000
latent_sigma_dNSG 3.044 1.939 0.699 2.648 7.722          0.037  2734 1.016 1.024
latent_sigma_DNSG 0.760 0.080 0.616 0.756 0.928          0.001 14268 1.000 1.000
latent_sigma_dSG  2.502 1.639 0.624 2.065 6.629          0.017  8784 1.001 1.001
latent_sigma_DSG  0.835 0.201 0.501 0.814 1.287          0.002 10467 1.000 1.000

Correlations of latent-trait values on probit scale:
                 Mean    SD   2.5%    50%  97.5% Time-series SE n.eff  Rhat R_95%
rho[a,b]        0.282 0.122  0.033  0.287  0.510          0.001  8355 1.000 1.001
rho[a,dNSG]    -0.182 0.284 -0.688 -0.200  0.418          0.006  2457 1.003 1.007
rho[a,DNSG]    -0.228 0.142 -0.495 -0.232  0.061          0.002  6530 1.000 1.001
rho[a,dSG]     -0.203 0.231 -0.621 -0.217  0.285          0.004  4258 1.000 1.001
rho[a,DSG]     -0.197 0.183 -0.536 -0.202  0.174          0.002  5471 1.001 1.003
rho[b,dNSG]    -0.136 0.322 -0.689 -0.157  0.547          0.008  1548 1.002 1.004
rho[b,DNSG]    -0.588 0.091 -0.753 -0.593 -0.399          0.001  7260 1.000 1.000
rho[b,dSG]     -0.333 0.231 -0.716 -0.357  0.178          0.004  2973 1.000 1.001
rho[b,DSG]     -0.510 0.142 -0.742 -0.527 -0.188          0.002  4601 1.001 1.004
rho[dNSG,DNSG]  0.188 0.349 -0.559  0.205  0.784          0.009  1393 1.003 1.009
rho[dNSG,dSG]   0.336 0.326 -0.421  0.380  0.828          0.009  1410 1.004 1.010
rho[dNSG,DSG]   0.255 0.340 -0.516  0.289  0.810          0.009  1290 1.003 1.009
rho[DNSG,dSG]   0.553 0.218  0.047  0.585  0.879          0.004  2600 1.001 1.002
rho[DNSG,DSG]   0.700 0.134  0.398  0.717  0.911          0.003  2400 1.002 1.007
rho[dSG,DSG]    0.569 0.230  0.034  0.606  0.906          0.004  2635 1.001 1.004

Correlations (posterior mean estimates) in matrix form:
          a      b   dNSG   DNSG    dSG    DSG
a     1.000  0.282 -0.182 -0.228 -0.203 -0.197
b     0.282  1.000 -0.136 -0.588 -0.333 -0.510
dNSG -0.182 -0.136  1.000  0.188  0.336  0.255
DNSG -0.228 -0.588  0.188  1.000  0.553  0.700
dSG  -0.203 -0.333  0.336  0.553  1.000  0.569
DSG  -0.197 -0.510  0.255  0.700  0.569  1.000


##############
 Model fit statistics (posterior predictive p-values):
 T1.observed T1.predicted         p.T1  T2.observed T2.predicted         p.T2 
       0.036        0.035        0.465        2.881        2.380        0.357 

T1 per person:
    1     2     3     4     5     6     7     8     9    10    11    12    13    14    15    16    17    18    19    20    21    22    23    24    25 
0.124 0.392 0.512 0.596 0.651 0.520 0.576 0.329 0.689 0.653 0.547 0.568 0.073 0.806 0.598 0.491 0.461 0.647 0.704 0.184 0.617 0.664 0.616 0.586 0.215 
   26    27    28    29    30    31    32    33    34    35    36    37    38    39    40    41    42    43    44    45    46    47    48    49    50 
0.518 0.697 0.369 0.439 0.677 0.554 0.609 0.546 0.115 0.753 0.415 0.333 0.564 0.467 0.581 0.291 0.246 0.484 0.577 0.674 0.545 0.361 0.398 0.179 0.495 
   51    52    53    54    55    56    57    58    59    60    61    62    63    64    65    66    67    68    69    70    71    72    73    74    75 
0.651 0.528 0.621 0.771 0.834 0.249 0.678 0.689 0.606 0.510 0.619 0.666 0.613 0.246 0.533 0.470 0.257 0.737 0.504 0.446 0.498 0.272 0.657 0.503 0.626 
   76    77    78    79    80    81    82    83    84    85    86    87    88    89    90    91    92    93    94    95    96    97    98    99   100 
0.476 0.521 0.701 0.551 0.546 0.339 0.689 0.634 0.246 0.651 0.615 0.646 0.664 0.401 0.194 0.715 0.682 0.065 0.765 0.693 0.602 0.595 0.710 0.654 0.689 
  101   102   103   104   105   106   107   108   109   110   111   112   113   114   115   116   117   118   119   120   121   122   123   124   125 
0.698 0.652 0.293 0.302 0.420 0.451 0.598 0.512 0.623 0.413 0.240 0.451 0.574 0.722 0.566 0.381 0.593 0.691 0.701 0.688 0.684 0.718 0.722 0.324 0.464 
  126   127   128   129   130   131   132   133   134   135   136   137   138   139   140   141   142   143   144   145   146   147   148 
0.545 0.461 0.542 0.613 0.681 0.623 0.676 0.336 0.468 0.263 0.414 0.090 0.609 0.312 0.719 0.348 0.424 0.631 0.107 0.507 0.803 0.499 0.801 

Transformed parameters:
         Mean    SD   2.5%   50% 97.5% Time-series SE n.eff  Rhat R_95%
delta_D 0.031 0.071 -0.112 0.032 0.164          0.001  8476 1.001 1.002
delta_d 0.139 0.277 -0.453 0.136 0.678          0.004  5082 1.001 1.003


#################################
#### Individual Parameter Estimates
Parameter  a 
     Statistic
ID         Mean         SD       2.5%       50%     97.5% Time-series SE n.eff      Rhat     R_95%
  1   0.7150082 0.06422956 0.58354495 0.7177015 0.8332031   0.0004630308 19242 1.0001060 1.0004610
  2   0.6363789 0.09906363 0.43633817 0.6394405 0.8219660   0.0007754269 16321 1.0000623 1.0002474
  3   0.5453992 0.08620892 0.37566257 0.5452255 0.7139693   0.0006136060 19739 1.0000432 1.0002262
  4   0.3783981 0.09665685 0.19747115 0.3751545 0.5740994   0.0007119064 18434 1.0002489 1.0008392
  5   0.5058897 0.11065466 0.28791970 0.5062970 0.7168984   0.0008182064 18290 1.0004304 1.0013147
  6   0.5586124 0.06940556 0.41963992 0.5595055 0.6906306   0.0005156596 18116 1.0002324 1.0008570
  7   0.5358178 0.09202436 0.35413370 0.5365220 0.7140371   0.0006864814 17970 1.0002889 1.0010518
  8   0.2525371 0.08975707 0.09494445 0.2476035 0.4430334   0.0006906229 16891 1.0000752 1.0003844
  9   0.5664387 0.09196992 0.38230227 0.5684830 0.7399317   0.0006638049 19196 1.0000383 1.0002985
  10  0.6099999 0.10203574 0.40562993 0.6127355 0.8019444   0.0008173065 15586 0.9999970 1.0001727
  11  0.5183744 0.11874578 0.28885902 0.5184945 0.7490950   0.0009496320 15636 1.0000283 1.0000783
  12  0.6578470 0.06857362 0.51826295 0.6598630 0.7869525   0.0004875902 19779 1.0002520 1.0009718
  13  0.4452425 0.08730437 0.27834210 0.4441815 0.6186408   0.0006348611 18911 1.0002637 1.0009787
  14  0.5676367 0.06927163 0.43120490 0.5676490 0.7009357   0.0004901308 19975 0.9999735 1.0001138
  15  0.4415785 0.11446953 0.22562795 0.4392520 0.6718716   0.0009665470 14026 1.0000955 1.0004505
  16  0.5860703 0.09601035 0.39363425 0.5883975 0.7659751   0.0007025294 18677 1.0002437 1.0007808
  17  0.3478025 0.13196378 0.11666378 0.3391890 0.6278751   0.0012569119 11023 1.0003368 1.0009311
  18  0.5786878 0.09973708 0.38076228 0.5802290 0.7674114   0.0007816568 16281 1.0001293 1.0005784
  19  0.4699220 0.09521659 0.28349068 0.4705850 0.6531930   0.0006794775 19637 1.0001598 1.0006969
  20  0.2692645 0.06873445 0.14017080 0.2669225 0.4101741   0.0005250271 17139 1.0000248 1.0001098
  21  0.4541627 0.09906117 0.26677465 0.4528290 0.6533312   0.0007004683 20000 1.0001665 1.0005020
  22  0.3847154 0.07182508 0.24786983 0.3841030 0.5277016   0.0005118364 19692 0.9999424 0.9999884
  23  0.3997908 0.08686737 0.23498758 0.3980560 0.5755996   0.0006435503 18220 0.9999428 0.9999761
  24  0.3695649 0.14153698 0.12512402 0.3598035 0.6711033   0.0013756375 10586 1.0003841 1.0011558
  25  0.6969332 0.06901073 0.55348497 0.7003530 0.8219686   0.0004956599 19385 1.0001845 1.0006642
  26  0.3592552 0.09700938 0.17845717 0.3561010 0.5560212   0.0007231054 17998 1.0000248 1.0001846
  27  0.5222919 0.06983154 0.38481350 0.5223140 0.6576916   0.0005220913 17890 1.0001075 1.0003851
  28  0.6928714 0.09188329 0.49966672 0.6983875 0.8579492   0.0006787388 18326 1.0001304 1.0005721
  29  0.4344953 0.14914391 0.16543493 0.4275870 0.7393573   0.0017845237  6985 1.0005507 1.0012475
  30  0.6752666 0.06511304 0.54234565 0.6773855 0.7956011   0.0004756579 18739 1.0001254 1.0005439
  31  0.4767264 0.09778910 0.28674405 0.4768560 0.6685327   0.0007518680 16916 1.0000959 1.0004996
  32  0.2934459 0.07807842 0.15277930 0.2904585 0.4533598   0.0005802722 18105 1.0000707 1.0001413
  33  0.3508079 0.13590209 0.11801378 0.3391990 0.6405439   0.0014379764  8932 1.0000892 1.0001617
  34  0.4468215 0.07073508 0.31046600 0.4463975 0.5869494   0.0005255375 18116 0.9999681 1.0000145
  35  0.5936317 0.07987483 0.43385538 0.5950295 0.7443995   0.0005683206 19753 1.0001590 1.0006091
  36  0.4279886 0.07923369 0.27594873 0.4268375 0.5868201   0.0005602668 20000 0.9999588 1.0000009
  37  0.5124065 0.12997786 0.25448608 0.5139780 0.7587214   0.0010891022 14243 1.0001390 1.0005707
  38  0.5463059 0.09274944 0.36013837 0.5480265 0.7224743   0.0006975417 17680 0.9999534 0.9999668
  39  0.5846540 0.09809751 0.38712762 0.5874660 0.7676855   0.0007505436 17083 1.0000293 1.0001877
  40  0.4312197 0.13405804 0.18550895 0.4252060 0.7024475   0.0014255847  8843 1.0005825 1.0017514
  41  0.3285418 0.08570828 0.17116685 0.3250175 0.5063150   0.0006113137 19657 0.9999459 1.0000318
  42  0.5553741 0.09206178 0.37774737 0.5551100 0.7363250   0.0007664102 14429 1.0001538 1.0005444
  43  0.4335409 0.14626898 0.16775322 0.4268400 0.7327790   0.0017378527  7084 1.0000727 1.0002582
  44  0.5312601 0.11753220 0.30382445 0.5321950 0.7559142   0.0009250204 16144 1.0000124 1.0001911
  45  0.4139000 0.12203419 0.18949598 0.4115955 0.6610618   0.0009493160 16525 1.0000538 1.0003253
  46  0.5523141 0.09074103 0.36990290 0.5542060 0.7215976   0.0006566306 19097 0.9999604 1.0000724
  47  0.4677388 0.07419505 0.32382017 0.4672305 0.6125577   0.0005591392 17608 1.0000572 1.0003363
  48  0.4959173 0.09167585 0.31640980 0.4957855 0.6733776   0.0006585847 19377 0.9999827 1.0001466
  49  0.5109156 0.07968341 0.35618705 0.5105725 0.6656541   0.0005772948 19052 1.0000006 1.0001280
  50  0.4948997 0.09872690 0.30533537 0.4938935 0.6945166   0.0007803096 16008 0.9999403 0.9999994
  51  0.4619628 0.06999268 0.32463275 0.4623950 0.5977880   0.0005352630 17099 1.0000968 1.0003640
  52  0.5582435 0.06934509 0.42044293 0.5596190 0.6906663   0.0005102215 18472 1.0001622 1.0006474
  53  0.5563544 0.07058958 0.41495962 0.5573045 0.6902070   0.0005117875 19024 1.0000725 1.0004044
  54  0.6176580 0.06800854 0.48011385 0.6194600 0.7445921   0.0004976338 18677 0.9999647 0.9999716
  55  0.5743194 0.07470367 0.42569020 0.5758260 0.7173836   0.0005311911 19778 1.0006108 1.0018345
  56  0.4438915 0.10163306 0.25416410 0.4408910 0.6506266   0.0007700800 17418 1.0002885 1.0008905
  57  0.6129044 0.09650514 0.41636440 0.6155650 0.7928723   0.0007409893 16962 0.9999538 0.9999934
  58  0.6964409 0.06897789 0.55147382 0.6991185 0.8238762   0.0004908744 19746 1.0000316 1.0003085
  59  0.5811897 0.11204772 0.35595155 0.5840560 0.7908919   0.0008406837 17764 1.0000319 1.0001837
  60  0.4793737 0.10595845 0.27425572 0.4785455 0.6876062   0.0007920149 17898 1.0000260 1.0001182
  61  0.6545692 0.06596055 0.51868388 0.6566180 0.7769259   0.0004857136 18442 1.0001408 1.0004046
  62  0.5751360 0.10377227 0.36708095 0.5770715 0.7730047   0.0007931027 17120 1.0001120 1.0005137
  63  0.3403472 0.08510338 0.18483338 0.3373435 0.5150053   0.0006230877 18655 0.9999501 1.0000098
  64  0.5390439 0.08745851 0.35939928 0.5411575 0.7034313   0.0006797727 16553 1.0006075 1.0019660
  65  0.3695082 0.09912439 0.18612000 0.3669610 0.5697121   0.0007481352 17555 1.0000299 1.0002077
  66  0.3126174 0.09621279 0.13457862 0.3099985 0.5071062   0.0007085396 18439 1.0000316 1.0001200
  67  0.4755546 0.09000284 0.29921598 0.4765425 0.6485397   0.0007022049 16428 1.0002368 1.0008798
  68  0.4061960 0.08282181 0.24749047 0.4047735 0.5711882   0.0005963499 19288 1.0000774 1.0003838
  69  0.4059202 0.10826223 0.20462775 0.4024820 0.6258796   0.0008963531 14588 1.0002193 1.0007342
  70  0.5059370 0.10284125 0.30363602 0.5068365 0.7084464   0.0008182129 15798 1.0000474 1.0003444
  71  0.5751352 0.08335038 0.40793290 0.5766500 0.7343791   0.0006099915 18671 1.0004580 1.0015640
  72  0.4824614 0.11516493 0.25871173 0.4814200 0.7058341   0.0009963990 13359 1.0000720 1.0003884
  73  0.4820592 0.08642158 0.31249130 0.4822155 0.6514512   0.0006325017 18669 0.9999556 0.9999738
  74  0.3650767 0.12498470 0.14381742 0.3581530 0.6269312   0.0012292454 10338 1.0002888 1.0009194
  75  0.3797660 0.11725566 0.16735485 0.3747970 0.6193755   0.0009655333 14748 1.0001875 1.0005267
  76  0.4845008 0.09236935 0.30715185 0.4839170 0.6664615   0.0006738878 18788 0.9999983 1.0001609
  77  0.5352522 0.07191165 0.39375710 0.5364065 0.6748353   0.0005063698 20168 1.0000584 1.0003890
  78  0.4603870 0.10536841 0.25541752 0.4603430 0.6677122   0.0007853698 18000 1.0002992 1.0007426
  79  0.6340998 0.08397652 0.46077898 0.6380740 0.7872717   0.0006081743 19066 1.0000804 1.0003551
  80  0.3156295 0.10795506 0.12463428 0.3097685 0.5430004   0.0008481489 16201 1.0000246 1.0001906
  81  0.1910623 0.06709151 0.07605157 0.1856925 0.3336666   0.0004799234 19543 1.0000077 1.0001388
  82  0.3914877 0.12001571 0.17406585 0.3864460 0.6387204   0.0011084567 11723 1.0005941 1.0018017
  83  0.3930219 0.08232189 0.23739135 0.3918250 0.5584293   0.0005983290 18930 1.0001456 1.0006622
  84  0.2302401 0.07261156 0.10030745 0.2257750 0.3820362   0.0005391370 18139 1.0000479 1.0002370
  85  0.6305428 0.07847582 0.47052290 0.6325345 0.7750151   0.0005713872 18863 1.0001805 1.0007133
  86  0.4246585 0.09494063 0.24635678 0.4226995 0.6177545   0.0006925546 18793 1.0000195 1.0001975
  87  0.5884047 0.07862010 0.43135660 0.5898940 0.7385012   0.0005792489 18422 0.9999266 0.9999684
  88  0.4697468 0.09130476 0.29173893 0.4700680 0.6470972   0.0006562407 19358 1.0002159 1.0007890
  89  0.5330134 0.07983806 0.37607822 0.5343425 0.6860203   0.0005666266 19853 1.0002159 1.0007555
  90  0.4458407 0.08131461 0.28771265 0.4460085 0.6030035   0.0005870059 19189 1.0000941 1.0003296
  91  0.4904600 0.08833227 0.31606305 0.4911015 0.6607196   0.0006397867 19062 1.0000144 1.0001456
  92  0.5701285 0.08052883 0.41122830 0.5716115 0.7231436   0.0005886806 18713 1.0000810 1.0002448
  93  0.3379323 0.08150926 0.18794295 0.3354630 0.5018585   0.0006166103 17474 1.0002508 1.0007248
  94  0.4614035 0.10599307 0.25671635 0.4598270 0.6714886   0.0007918977 17915 1.0001960 1.0006363
  95  0.5323569 0.07753682 0.37830285 0.5332355 0.6815019   0.0005541172 19580 0.9999471 1.0000161
  96  0.4527391 0.07955478 0.29986625 0.4515555 0.6085791   0.0005877647 18320 0.9999503 1.0000217
  97  0.5560945 0.08055415 0.39684752 0.5568455 0.7098372   0.0005784942 19390 1.0000830 1.0004430
  98  0.4660718 0.07916265 0.31183663 0.4660145 0.6208849   0.0005682522 19407 1.0000441 1.0003374
  99  0.6175471 0.08847092 0.43970227 0.6203090 0.7811691   0.0006261477 19964 1.0000470 1.0002995
  100 0.3700121 0.09942079 0.18526932 0.3671000 0.5710323   0.0007349798 18298 1.0002776 1.0010604
  101 0.3723765 0.07391821 0.23355223 0.3704705 0.5213152   0.0005226807 20000 1.0001131 1.0004797
  102 0.5291185 0.09615743 0.33761295 0.5297385 0.7120577   0.0006986850 18941 0.9999774 1.0000721
  103 0.5740703 0.08953984 0.39534352 0.5758975 0.7426972   0.0006467204 19169 1.0000311 1.0000969
  104 0.5664353 0.07994051 0.40554180 0.5675295 0.7184740   0.0005858689 18618 1.0001358 1.0006294
  105 0.5828585 0.10965095 0.36365455 0.5859035 0.7875131   0.0009659470 12886 1.0000436 1.0001932
  106 0.6424523 0.07307883 0.49440743 0.6443865 0.7785924   0.0005576750 17172 0.9999632 1.0000688
  107 0.5010038 0.07298986 0.35688562 0.5015245 0.6425927   0.0005343265 18660 0.9999742 1.0001109
  108 0.6809242 0.09453909 0.48288918 0.6856810 0.8499026   0.0007191832 17280 1.0002094 1.0007719
  109 0.5830494 0.08171579 0.41975410 0.5843365 0.7389559   0.0006034837 18335 0.9999861 1.0000871
  110 0.3946127 0.14153645 0.14195997 0.3877335 0.6830735   0.0012570717 12677 1.0000132 1.0001949
  111 0.5298608 0.10276094 0.32195372 0.5308930 0.7221210   0.0007885812 16981 1.0000102 1.0001614
 [ reached getOption("max.print") -- omitted 37 rows ]
Parameter  b 
     Statistic
ID         Mean         SD        2.5%        50%     97.5% Time-series SE n.eff      Rhat     R_95%
  1   0.9454640 0.03379554 0.861732250 0.95192500 0.9907980   0.0002428131 19372 0.9999343 0.9999918
  2   0.4968861 0.11561878 0.270237275 0.49668250 0.7214396   0.0008175482 20000 1.0000646 1.0002737
  3   0.6452667 0.10685000 0.425536800 0.64831150 0.8400152   0.0007637015 19575 1.0000736 1.0001739
  4   0.3678283 0.08665843 0.204285875 0.36513150 0.5447627   0.0006127676 20000 1.0000913 1.0004373
  5   0.2358646 0.07906050 0.096342455 0.23071500 0.4037712   0.0005611363 19851 1.0001016 1.0004909
  6   0.9847024 0.01787679 0.936133075 0.99085900 0.9998510   0.0001287600 19276 1.0001550 1.0003121
  7   0.4905622 0.09739002 0.300746750 0.49097750 0.6776015   0.0007023035 19230 1.0002417 1.0007233
  8   0.5561717 0.10426340 0.351420300 0.55725150 0.7564248   0.0007698333 18343 1.0000425 1.0002596
  9   0.4946921 0.11274730 0.271724075 0.49543850 0.7140737   0.0008197040 18919 1.0001925 1.0007714
  10  0.5370573 0.14118527 0.264857350 0.53794800 0.8058604   0.0010404359 18414 1.0001186 1.0005781
  11  0.3363849 0.11724532 0.129589375 0.32959300 0.5793336   0.0008571077 18712 0.9999956 1.0001059
  12  0.9680784 0.03017901 0.887975875 0.97691650 0.9992150   0.0002161164 19500 1.0003499 1.0007258
  13  0.6301851 0.10781263 0.411444950 0.63340250 0.8338308   0.0008097291 17728 1.0001780 1.0006351
  14  0.9752368 0.02484002 0.909089450 0.98289350 0.9995270   0.0001764813 19811 1.0005634 1.0008028
  15  0.4264672 0.12414334 0.195380450 0.42354200 0.6767833   0.0008852264 19667 0.9999772 1.0000119
  16  0.4051628 0.08348140 0.247023500 0.40314900 0.5715627   0.0006014891 19263 0.9999404 1.0000128
  17  0.2350051 0.11344767 0.058503385 0.22028000 0.4908904   0.0008354397 18440 1.0002388 1.0005479
  18  0.5965899 0.13081001 0.332900050 0.60147300 0.8369215   0.0009757866 17971 1.0000765 1.0003796
  19  0.4346726 0.09613350 0.250179500 0.43394400 0.6238510   0.0006797665 20000 0.9999673 1.0000749
  20  0.9286932 0.04397089 0.822749875 0.93657650 0.9894590   0.0003125349 19794 1.0000478 1.0002459
  21  0.4965130 0.11342894 0.275691050 0.49748750 0.7183513   0.0008264307 18838 1.0000861 1.0002869
  22  0.9056231 0.04762726 0.795001825 0.91229550 0.9773543   0.0003373665 19930 1.0001376 1.0006190
  23  0.5541842 0.08992055 0.375579125 0.55456000 0.7278038   0.0006495379 19165 1.0000320 1.0002752
  24  0.1408774 0.10313992 0.008577851 0.11904450 0.3935427   0.0007534486 18739 1.0000559 1.0002360
  25  0.9103727 0.04757777 0.797893825 0.91814450 0.9798551   0.0003342600 20260 1.0000399 1.0002814
  26  0.7111965 0.11233920 0.478133825 0.71853900 0.9070998   0.0008176451 18877 1.0001658 1.0006430
  27  0.9842470 0.01838838 0.933423350 0.99060950 0.9998500   0.0001320107 19403 1.0001653 1.0003543
  28  0.4039744 0.08616520 0.238229150 0.40295100 0.5749846   0.0006382257 18227 1.0000039 1.0002077
  29  0.2373979 0.14324396 0.034573405 0.21368900 0.5743481   0.0010799875 17592 1.0000472 1.0002665
  30  0.9862747 0.01693955 0.939559075 0.99239950 0.9999120   0.0001205121 19758 1.0003884 1.0012028
  31  0.4327054 0.13252806 0.180235850 0.43122650 0.6935021   0.0009552456 19248 1.0000987 1.0004751
  32  0.7098304 0.10055320 0.497831275 0.71454100 0.8886423   0.0007496459 17992 1.0002415 1.0009305
  33  0.2667012 0.14058537 0.048816637 0.24968350 0.5835281   0.0010947210 16492 1.0000581 1.0003204
  34  0.9614846 0.02899282 0.887603300 0.96860850 0.9962211   0.0002050102 20000 1.0000045 1.0001973
  35  0.7170883 0.08110115 0.550215625 0.72056900 0.8653613   0.0005815683 19447 1.0000311 1.0002913
  36  0.7568879 0.08476934 0.578872475 0.76229450 0.9071471   0.0006107054 19267 1.0000332 1.0002454
  37  0.1627810 0.08433346 0.033071408 0.15249050 0.3547592   0.0006174507 18655 1.0001402 1.0005378
  38  0.6654495 0.13025338 0.391723800 0.67227600 0.8925191   0.0009548844 18607 1.0000402 1.0002895
  39  0.3765610 0.11797850 0.157462375 0.37442850 0.6156513   0.0008673483 18502 1.0001169 1.0003926
  40  0.4769497 0.18055158 0.148105800 0.47108450 0.8347039   0.0014441354 15631 1.0000299 1.0002422
  41  0.4955907 0.08769151 0.321122300 0.49616050 0.6643138   0.0006323815 19229 1.0001731 1.0006745
  42  0.8027613 0.08663795 0.609938075 0.81148450 0.9462810   0.0006253695 19193 0.9999581 0.9999761
  43  0.2105064 0.12521290 0.032138135 0.18893350 0.5043622   0.0009778677 16396 1.0000381 1.0002077
  44  0.2308320 0.11338576 0.049365863 0.21801750 0.4832000   0.0008263794 18826 1.0000075 1.0001621
  45  0.1383159 0.06754772 0.032346258 0.12949300 0.2923838   0.0004758416 20151 0.9999968 1.0000720
  46  0.5204473 0.10815684 0.307495175 0.52218900 0.7280712   0.0007555660 20491 1.0000168 1.0001184
  47  0.8785451 0.05680764 0.749760125 0.88602100 0.9674264   0.0003999249 20177 0.9999914 1.0001575
  48  0.4617323 0.10815174 0.252067825 0.46179300 0.6724676   0.0007693590 19761 1.0000747 1.0003254
  49  0.8262111 0.09130875 0.622491550 0.83750850 0.9688109   0.0006561846 19363 1.0004830 1.0016224
  50  0.7992395 0.10276209 0.570547975 0.81140550 0.9602446   0.0007274930 19953 1.0000117 1.0001113
  51  0.9829674 0.01931924 0.929129425 0.98958300 0.9998200   0.0001358289 20230 1.0001304 1.0004041
  52  0.9847023 0.01806613 0.934103850 0.99104900 0.9998540   0.0001289123 19640 1.0024475 1.0047272
  53  0.9500790 0.03405786 0.865566425 0.95720450 0.9939752   0.0002455231 19242 0.9999477 1.0000245
  54  0.9856861 0.01723761 0.935965575 0.99169750 0.9998890   0.0001262397 18645 1.0002746 1.0004530
  55  0.8313252 0.06556428 0.684969675 0.83702400 0.9412687   0.0004630888 20045 1.0000925 1.0003190
  56  0.4089651 0.09449690 0.228970675 0.40733400 0.5980787   0.0006681940 20000 1.0001209 1.0002240
  57  0.6191487 0.12460764 0.364153675 0.62350450 0.8465447   0.0009285642 18008 1.0002146 1.0008674
  58  0.8510284 0.06048494 0.716427950 0.85741650 0.9509366   0.0004357867 19264 0.9999608 1.0000122
  59  0.2707576 0.09388402 0.105535875 0.26447750 0.4675411   0.0006714743 19549 1.0000332 1.0002384
  60  0.3717887 0.10847524 0.171235700 0.36832650 0.5899676   0.0007670358 20000 0.9999718 1.0000081
  61  0.9860348 0.01705130 0.939115275 0.99220300 0.9998990   0.0001228685 19259 1.0006615 1.0012178
  62  0.3055902 0.09901802 0.125551650 0.30099150 0.5093734   0.0007060658 19667 1.0001791 1.0006295
  63  0.5528973 0.09634569 0.363089925 0.55323250 0.7392265   0.0006935653 19297 1.0000381 1.0003049
  64  0.8154617 0.07390105 0.650849775 0.82283550 0.9375343   0.0005396394 18754 1.0001724 1.0007202
  65  0.3210988 0.10445784 0.130484775 0.31656000 0.5382275   0.0007487680 19462 1.0002008 1.0006641
  66  0.4693478 0.10638645 0.267154850 0.46743900 0.6813431   0.0007522658 20000 1.0002044 1.0007315
  67  0.8319257 0.07563030 0.661711525 0.84047600 0.9522781   0.0005517961 18786 1.0000793 1.0003306
  68  0.7141744 0.08771840 0.531772375 0.71865200 0.8720685   0.0006246349 19721 0.9999594 0.9999869
  69  0.6165996 0.13921158 0.334774225 0.62032100 0.8702750   0.0010366145 18035 1.0002348 1.0007117
  70  0.4360379 0.15091841 0.152866700 0.43359250 0.7335198   0.0011862031 16187 1.0000007 1.0001523
  71  0.7308453 0.08074187 0.560926325 0.73569800 0.8752863   0.0005745334 19750 1.0000129 1.0001945
  72  0.3679211 0.14996881 0.108118800 0.35869100 0.6838388   0.0011727055 16354 1.0001135 1.0002943
  73  0.8277614 0.08943992 0.628859250 0.83881900 0.9656006   0.0006324358 20000 0.9999959 1.0001289
  74  0.3014906 0.14194455 0.064994437 0.29045850 0.6060458   0.0010649969 17764 1.0003369 1.0010649
  75  0.2104612 0.10188334 0.044339165 0.20002150 0.4346605   0.0007308960 19431 1.0000802 1.0003399
  76  0.6601451 0.11677112 0.416550375 0.66460250 0.8705260   0.0008573605 18550 1.0000178 1.0000919
  77  0.9241276 0.04605820 0.815955625 0.93220400 0.9886721   0.0003256806 20000 0.9999937 1.0001106
  78  0.4551158 0.11355275 0.239044075 0.45394850 0.6780020   0.0008104298 19632 1.0002780 1.0009070
  79  0.8567307 0.10123707 0.616555475 0.87685050 0.9904574   0.0007897826 16431 0.9999299 0.9999699
  80  0.1964109 0.08159715 0.061999040 0.18884800 0.3760761   0.0005915478 19027 1.0001746 1.0007049
  81  0.7837598 0.07871321 0.613180225 0.78987650 0.9193830   0.0005897983 17811 1.0000322 1.0002614
  82  0.5475484 0.14957378 0.257375900 0.54706950 0.8328012   0.0011386043 17257 1.0000331 1.0002222
  83  0.8334320 0.08577905 0.642172950 0.84424400 0.9677102   0.0006410711 17904 0.9999974 1.0001930
  84  0.7181378 0.09933247 0.505714800 0.72445050 0.8931545   0.0007574911 17196 0.9999713 1.0000861
  85  0.8665537 0.07410190 0.694780825 0.87650850 0.9764734   0.0005289351 19627 1.0000058 1.0002189
  86  0.4993849 0.10481542 0.296937775 0.49860100 0.7055760   0.0007491786 19574 1.0000682 1.0002961
  87  0.9072808 0.06933013 0.737917375 0.92204950 0.9948531   0.0005280390 17239 0.9999722 1.0000503
  88  0.5538706 0.10260065 0.349523650 0.55454900 0.7514263   0.0007176099 20442 1.0002007 1.0007872
  89  0.7934450 0.08719078 0.604404225 0.80040150 0.9400455   0.0006273692 19315 1.0001654 1.0006709
  90  0.8070052 0.07397126 0.644753000 0.81345750 0.9313210   0.0005348873 19125 1.0000628 1.0001438
  91  0.5858080 0.10618389 0.372369300 0.58725650 0.7885630   0.0007549211 19784 1.0000943 1.0002781
  92  0.7267146 0.08574326 0.548085575 0.73060550 0.8806693   0.0006014739 20322 0.9999858 1.0000782
  93  0.8070956 0.12939290 0.503123325 0.82962000 0.9836735   0.0011714683 12200 1.0001523 1.0006369
  94  0.4136899 0.11323053 0.200796625 0.41191450 0.6424697   0.0008244820 18861 1.0000621 1.0001833
  95  0.8487980 0.06832500 0.696506000 0.85610600 0.9592596   0.0004831307 20000 1.0000031 1.0001255
  96  0.9024009 0.07179728 0.727237275 0.91753650 0.9938170   0.0005156073 19390 0.9999956 1.0001554
  97  0.6941408 0.08535455 0.517703575 0.69741100 0.8492470   0.0006111583 19505 1.0002685 1.0009870
  98  0.7586098 0.07834503 0.591359275 0.76385500 0.8970589   0.0005623686 19408 0.9999979 1.0001856
  99  0.5320709 0.09392601 0.342846975 0.53442050 0.7119074   0.0006670148 19829 1.0000108 1.0002009
  100 0.3325874 0.09690560 0.154983525 0.32998450 0.5311060   0.0006926070 19576 1.0000765 1.0004437
  101 0.8275002 0.06588486 0.683694550 0.83391750 0.9379658   0.0004691245 19724 1.0000883 1.0003473
  102 0.5683473 0.10242476 0.363768100 0.57139300 0.7642053   0.0007345911 19441 1.0001387 1.0006301
  103 0.5430768 0.08929634 0.363247750 0.54521500 0.7128080   0.0006461087 19101 1.0000252 1.0001836
  104 0.7154061 0.08145897 0.544029975 0.71967850 0.8624333   0.0005903599 19039 1.0000682 1.0000816
  105 0.3095913 0.14939613 0.061649538 0.29805350 0.6313616   0.0011743832 16183 1.0001223 1.0004432
  106 0.9578682 0.03792799 0.860512400 0.96850300 0.9987101   0.0002702943 19690 1.0000086 1.0000828
  107 0.9229347 0.04230731 0.820700450 0.93030750 0.9835226   0.0003029301 19505 0.9999496 0.9999638
  108 0.6702935 0.13017083 0.400107900 0.67829600 0.8990909   0.0009483600 18840 1.0001105 1.0004881
  109 0.8615063 0.07650073 0.687353025 0.87206900 0.9760782   0.0005545716 19029 1.0000046 1.0001898
  110 0.1174975 0.06708069 0.022031773 0.10630950 0.2757403   0.0004780515 19690 1.0001167 1.0004595
  111 0.4872501 0.10559080 0.283102075 0.48694400 0.6933955   0.0007565589 19479 1.0001029 1.0004232
 [ reached getOption("max.print") -- omitted 37 rows ]
Parameter  dNSG 
     Statistic
ID          Mean        SD         2.5%         50%     97.5% Time-series SE n.eff      Rhat     R_95%
  1   0.22193688 0.3537078 1.869858e-24 0.008056590 1.0000000    0.005980463  3498 1.0015371 1.0037391
  2   0.27051071 0.3226341 2.143045e-20 0.123606000 0.9999420    0.002710063 14173 1.0006996 1.0019103
  3   0.17656258 0.2722607 1.239536e-20 0.034192000 0.9968301    0.002006260 18416 1.0002656 1.0008752
  4   0.26045347 0.3471634 9.466272e-20 0.063699400 1.0000000    0.003315805 10962 1.0005058 1.0013656
  5   0.19114167 0.2984004 2.375709e-24 0.026653300 0.9999660    0.002724351 11997 1.0007705 1.0019085
  6   0.29161616 0.3914173 1.379270e-20 0.034168300 1.0000000    0.006652372  3462 1.0005455 1.0016063
  7   0.16818208 0.2731286 7.738144e-20 0.027314650 0.9989735    0.002046151 17818 1.0005348 1.0014250
  8   0.59169599 0.3927618 3.176177e-09 0.709004500 1.0000000    0.004255347  8519 1.0000396 1.0002686
  9   0.12290652 0.2145594 5.111886e-22 0.018324600 0.8765699    0.001598167 18024 1.0000724 1.0002554
  10  0.16953423 0.2378794 3.863609e-22 0.055070350 0.9065320    0.002187264 11828 1.0002325 1.0007751
  11  0.37893147 0.3620763 2.220450e-16 0.278040500 1.0000000    0.003339982 11752 1.0003221 1.0011809
  12  0.30568956 0.3917799 8.553813e-20 0.051544000 1.0000000    0.006179924  4019 1.0007468 1.0022593
  13  0.12627884 0.2174065 9.107400e-20 0.021453250 0.8954563    0.001564602 19308 1.0000485 1.0001508
  14  0.28334216 0.3824979 1.013135e-18 0.038250650 1.0000000    0.006331150  3650 1.0015678 1.0042743
  15  0.58162870 0.3742967 2.959911e-09 0.660390500 1.0000000    0.003744840  9990 1.0000441 1.0002614
  16  0.17816138 0.2981567 5.915893e-24 0.016729350 0.9999920    0.003300044  8163 1.0014928 1.0031757
  17  0.77476839 0.3159630 2.961857e-07 0.945819500 1.0000000    0.004475559  4984 1.0011882 1.0026761
  18  0.20037522 0.2668758 1.436601e-19 0.073203550 0.9853503    0.002197644 14747 1.0000630 1.0003693
  19  0.21696413 0.3107140 6.867859e-20 0.048093800 0.9999640    0.002584085 14458 1.0002874 1.0007588
  20  0.44731086 0.4211760 3.786468e-14 0.322459500 1.0000000    0.005821659  5234 1.0002453 1.0009160
  21  0.41091651 0.3775730 2.076663e-14 0.316589000 1.0000000    0.003099341 14841 0.9999274 0.9999740
  22  0.34806822 0.3984635 1.613350e-15 0.125290000 1.0000000    0.005680177  4921 1.0008573 1.0026645
  23  0.32150345 0.3753077 1.573940e-16 0.123269500 1.0000000    0.003932998  9106 1.0000808 1.0003423
  24  0.77236716 0.3113435 1.630800e-08 0.933772500 1.0000000    0.004448218  4899 1.0009387 1.0020305
  25  0.30727290 0.3883422 1.088499e-19 0.062953800 1.0000000    0.005614603  4784 1.0005548 1.0015631
  26  0.53053731 0.3870834 1.811894e-10 0.553078500 1.0000000    0.003941630  9644 1.0000403 1.0002622
  27  0.29572833 0.3940864 4.600389e-20 0.035950350 1.0000000    0.006621664  3542 1.0010088 1.0028523
  28  0.11573365 0.2347677 9.123850e-29 0.005521020 0.9910019    0.002292408 10488 1.0019850 1.0032696
  29  0.85551682 0.2463939 2.486027e-03 0.973613500 1.0000000    0.004081698  3644 1.0017158 1.0027945
  30  0.26933939 0.3833574 5.103181e-23 0.017308700 1.0000000    0.006683530  3290 1.0006859 1.0019609
  31  0.14179756 0.2214750 1.261690e-22 0.030128750 0.8553615    0.001743682 16133 1.0004645 1.0012728
  32  0.44291908 0.4015313 1.431891e-13 0.344540500 1.0000000    0.004347044  8532 1.0000449 1.0002933
  33  0.80704416 0.2888724 2.493693e-06 0.954583500 1.0000000    0.004086089  4998 1.0017098 1.0037579
  34  0.30828576 0.3949484 1.634979e-17 0.056285550 1.0000000    0.005999235  4334 1.0012949 1.0037507
  35  0.21788632 0.3232401 6.723325e-19 0.035310050 0.9999970    0.003378099  9156 1.0006516 1.0016871
  36  0.21904309 0.3177873 3.023786e-18 0.045767200 0.9999950    0.002885044 12133 1.0004959 1.0012167
  37  0.30396893 0.3521689 1.268515e-21 0.137471000 1.0000000    0.003214580 12002 1.0004413 1.0014591
  38  0.11686691 0.1914472 3.914726e-22 0.023102850 0.7072612    0.001490053 16508 1.0001834 1.0005311
  39  0.13351591 0.2193881 6.005709e-25 0.022535850 0.8632108    0.001681591 17021 0.9999867 1.0000011
  40  0.71058227 0.3319162 9.513847e-09 0.854511500 1.0000000    0.004516807  5400 1.0005180 1.0011126
  41  0.40008369 0.4028701 1.599562e-15 0.240464000 1.0000000    0.004577774  7745 1.0004129 1.0014023
  42  0.59048898 0.3842375 4.271723e-08 0.700317500 1.0000000    0.004500860  7288 1.0002200 1.0008099
  43  0.84132553 0.2572424 8.608997e-04 0.968732000 1.0000000    0.004138320  3864 1.0014610 1.0023372
  44  0.19682538 0.2519534 7.235248e-22 0.079210450 0.9179037    0.002590447  9460 1.0002563 1.0009408
  45  0.28086197 0.3499942 7.323603e-24 0.088198350 1.0000000    0.003301097 11241 0.9999259 0.9999592
  46  0.16576671 0.2626784 3.508407e-22 0.029415900 0.9937858    0.001973854 17710 1.0009337 1.0019788
  47  0.26002117 0.3570044 1.155437e-16 0.049412300 1.0000000    0.004691338  5791 1.0002410 1.0006616
  48  0.14848240 0.2486730 9.690213e-22 0.022280850 0.9849064    0.001939152 16445 1.0008015 1.0017206
  49  0.15664363 0.2594869 3.609716e-21 0.023751400 0.9930103    0.002205386 13844 1.0002819 1.0007156
  50  0.59158161 0.3763964 2.166926e-08 0.680680000 1.0000000    0.003979523  8946 1.0000136 1.0002127
  51  0.32510936 0.4043583 5.623476e-18 0.060523700 1.0000000    0.007143649  3204 1.0012964 1.0037640
  52  0.28726161 0.3906284 5.884326e-20 0.028495650 1.0000000    0.006655324  3445 1.0011428 1.0031677
  53  0.28491604 0.3822038 9.111239e-18 0.039902500 1.0000000    0.006206701  3792 1.0013864 1.0039374
  54  0.28262496 0.3895022 8.513452e-22 0.025404600 1.0000000    0.006749751  3330 1.0010542 1.0028802
  55  0.24970593 0.3499021 2.128762e-17 0.044883450 1.0000000    0.004033337  7526 1.0004620 1.0011868
  56  0.46050908 0.3965525 5.803559e-14 0.408854000 1.0000000    0.004136144  9192 1.0000810 1.0004563
  57  0.20309233 0.2785200 1.670987e-19 0.065377750 0.9981836    0.002298054 14689 1.0003176 1.0008761
  58  0.19414796 0.3216696 4.669830e-22 0.013658500 1.0000000    0.004276024  5659 1.0013163 1.0031087
  59  0.18913335 0.2753925 6.145086e-22 0.045801300 0.9955308    0.002206816 15573 1.0000682 1.0003941
  60  0.43764383 0.3864913 5.267117e-14 0.357667000 1.0000000    0.003317308 13574 0.9999853 1.0001356
  61  0.26918544 0.3837561 3.633076e-22 0.018676200 1.0000000    0.006762813  3220 1.0010638 1.0028165
  62  0.12975706 0.2162774 2.816885e-24 0.021389750 0.8596671    0.001676871 16635 1.0005300 1.0012364
  63  0.40348014 0.3965849 2.751371e-15 0.260233500 1.0000000    0.004112172  9301 1.0005518 1.0018248
  64  0.44541958 0.4064076 2.360162e-11 0.343642500 1.0000000    0.004447794  8349 1.0000543 1.0003382
  65  0.25488467 0.3272630 1.212390e-19 0.085064600 0.9999930    0.002905706 12685 1.0001052 1.0003979
  66  0.47951041 0.3953990 8.892034e-12 0.438392500 1.0000000    0.003767243 11016 1.0000870 1.0004395
  67  0.55715007 0.4001081 1.374167e-08 0.640947500 1.0000000    0.004818831  6894 1.0000572 1.0003787
  68  0.37201826 0.3871343 1.126063e-13 0.204592000 1.0000000    0.004096487  8931 1.0003779 1.0012596
  69  0.63158396 0.3645895 3.438325e-08 0.753082000 1.0000000    0.003917375  8662 1.0001104 1.0003374
  70  0.13783123 0.1944670 2.184297e-25 0.039081950 0.6661116    0.001904801 10423 1.0005185 1.0016368
  71  0.37101462 0.3909919 7.348362e-15 0.193375500 1.0000000    0.004381291  7964 1.0000992 1.0004497
  72  0.18223138 0.2383392 1.883629e-20 0.071519600 0.8719840    0.002915478  6683 1.0000805 1.0004326
  73  0.41121805 0.3876343 2.550774e-12 0.295553000 1.0000000    0.003577265 11742 0.9999652 1.0000118
  74  0.57676902 0.3665034 9.699886e-15 0.659950000 1.0000000    0.004235972  7486 1.0002586 1.0008562
  75  0.43777147 0.3768522 2.702688e-16 0.385745000 1.0000000    0.003445634 11962 1.0001902 1.0006749
  76  0.27661521 0.3256969 7.586258e-18 0.132559000 0.9999751    0.002514828 16773 0.9999614 0.9999774
  77  0.25920544 0.3629212 6.810728e-18 0.038125850 1.0000000    0.005314141  4664 1.0009145 1.0024845
  78  0.39453006 0.3705132 1.084021e-13 0.291704000 1.0000000    0.002935685 15929 1.0000230 1.0001651
  79  0.12944191 0.2179905 6.730510e-25 0.020206300 0.8732586    0.001807635 14543 1.0001638 1.0005456
  80  0.43910906 0.4052098 7.849420e-18 0.341077500 1.0000000    0.004192823  9340 1.0000961 1.0004552
  81  0.48071637 0.4174524 1.493787e-13 0.428774500 1.0000000    0.005406888  5961 1.0008548 1.0028285
  82  0.69552897 0.3402850 6.550456e-08 0.843042500 1.0000000    0.003935049  7478 1.0005053 1.0011699
  83  0.37936493 0.3829876 8.647892e-14 0.235704500 1.0000000    0.003628788 11139 1.0000361 1.0002534
  84  0.49151916 0.4111823 1.094463e-13 0.461939000 1.0000000    0.004875032  7114 1.0001621 1.0006746
  85  0.25687923 0.3423414 3.018249e-18 0.065218800 1.0000000    0.003487112  9638 1.0012112 1.0033495
  86  0.38422612 0.3803154 8.673272e-15 0.251590000 1.0000000    0.003360102 12811 1.0007293 1.0022839
  87  0.23053209 0.3237923 6.889265e-21 0.052245950 0.9999970    0.003262981  9847 0.9999286 0.9999799
  88  0.20646875 0.2966831 1.285564e-17 0.051223700 0.9997963    0.002251026 17371 1.0000103 1.0002045
  89  0.17466968 0.2777349 1.028793e-19 0.028719950 0.9992663    0.002282273 14809 1.0000975 1.0003193
  90  0.50453043 0.4093677 9.738599e-11 0.504213000 1.0000000    0.005270004  6034 1.0000518 1.0003312
  91  0.19973031 0.2895442 6.554430e-19 0.050437950 0.9992392    0.002071770 19532 0.9999545 1.0000351
  92  0.26804342 0.3488495 1.170386e-16 0.073954900 1.0000000    0.003330087 10974 1.0005786 1.0015504
  93  0.14700939 0.2373612 5.048068e-25 0.026381550 0.9576680    0.002073677 13102 0.9999950 1.0000376
  94  0.38779010 0.3673357 3.092743e-15 0.286343000 1.0000000    0.002870160 16380 0.9999855 1.0000377
  95  0.36608107 0.3923596 3.662369e-14 0.181397000 1.0000000    0.004634312  7168 1.0000479 1.0002602
  96  0.32003364 0.3688393 6.136331e-16 0.138012000 1.0000000    0.003924711  8832 1.0001924 1.0005984
  97  0.16901868 0.2812744 3.923370e-20 0.020817700 0.9995462    0.002798231 10104 1.0011512 1.0022893
  98  0.31149717 0.3723875 9.488547e-15 0.109947500 1.0000000    0.004203811  7847 1.0001793 1.0006652
  99  0.16275022 0.2701626 2.041216e-22 0.022801850 0.9982472    0.002146990 15834 1.0001496 1.0004380
  100 0.34798474 0.3767480 1.736528e-17 0.175765000 1.0000000    0.003605781 10917 1.0000811 1.0003290
  101 0.32503078 0.3855307 1.375106e-15 0.110445500 1.0000000    0.004950437  6065 1.0019208 1.0055272
  102 0.34878958 0.3673443 2.806539e-14 0.199006500 1.0000000    0.003048527 14520 1.0000151 1.0001911
  103 0.33807211 0.3830553 6.535706e-17 0.138879000 1.0000000    0.004117446  8655 1.0005080 1.0015399
  104 0.15725500 0.2737615 1.159548e-20 0.017715700 0.9995861    0.002452820 12457 1.0005997 1.0013100
  105 0.10249173 0.1602554 2.812667e-26 0.020397250 0.5571284    0.001824977  7711 1.0006168 1.0010858
  106 0.34776014 0.3994629 8.639479e-17 0.118955000 1.0000000    0.005385377  5502 1.0006594 1.0020367
  107 0.31244388 0.3899261 3.231851e-16 0.071183200 1.0000000    0.005558475  4921 1.0014702 1.0041329
  108 0.18813062 0.2623691 1.898913e-21 0.058380200 0.9851082    0.002245426 13653 1.0003861 1.0010562
  109 0.36397593 0.3840237 1.906109e-14 0.195029000 1.0000000    0.004061754  8939 0.9999723 1.0000672
  110 0.59274363 0.3907824 2.963568e-12 0.713361500 1.0000000    0.004402501  7879 1.0000353 1.0001735
  111 0.23431630 0.3099526 1.139815e-16 0.080297100 0.9999950    0.002384674 16894 1.0001217 1.0003110
 [ reached getOption("max.print") -- omitted 37 rows ]
Parameter  DNSG 
     Statistic
ID          Mean         SD         2.5%        50%     97.5% Time-series SE n.eff      Rhat     R_95%
  1   0.03724761 0.03335409 0.0016782980 0.02809490 0.1247933   0.0002450785 18522 1.0001584 1.0004708
  2   0.41858270 0.13412016 0.1527639000 0.42069300 0.6737999   0.0010102801 17624 0.9999778 1.0001148
  3   0.36537526 0.13052861 0.1120159750 0.36544200 0.6179321   0.0009611212 18444 0.9999612 1.0000801
  4   0.19506303 0.10436339 0.0313917925 0.18317350 0.4237873   0.0007686047 18437 1.0002471 1.0008898
  5   0.22018004 0.11123838 0.0369632575 0.21080900 0.4633251   0.0008476920 17220 1.0004394 1.0014214
  6   0.03278999 0.03235859 0.0009564677 0.02283000 0.1199633   0.0002350076 18959 1.0003799 1.0008773
  7   0.23138813 0.11272666 0.0419679550 0.22336000 0.4683804   0.0008199441 18901 1.0000678 1.0003966
  8   0.33115484 0.12142371 0.0979022775 0.33058650 0.5693957   0.0009145384 17628 1.0002558 1.0009378
  9   0.36612928 0.13079532 0.1121211500 0.36596800 0.6180210   0.0009524801 18857 1.0000715 1.0002446
  10  0.52745449 0.12613441 0.2658305000 0.53264000 0.7533783   0.0009174928 18900 1.0001376 1.0005456
  11  0.43700256 0.12712155 0.1820829500 0.43971400 0.6768862   0.0009704501 17159 1.0002263 1.0005729
  12  0.08571620 0.05645097 0.0087664098 0.07500125 0.2213437   0.0004117329 18798 1.0002840 1.0008987
  13  0.34975033 0.12764459 0.1031228000 0.35012400 0.6000693   0.0009607663 17651 1.0000857 1.0003967
  14  0.05424818 0.04250984 0.0037123835 0.04397985 0.1614750   0.0003028393 19704 1.0000785 1.0003358
  15  0.45169886 0.12286329 0.2033798000 0.45503450 0.6802306   0.0008955964 18820 0.9999987 1.0001842
  16  0.13708339 0.08459913 0.0154099250 0.12339350 0.3355202   0.0006314951 17947 1.0002646 1.0009958
  17  0.58353164 0.11875143 0.3343587250 0.58960100 0.7963394   0.0009240587 16515 1.0002579 1.0009202
  18  0.51235701 0.12695912 0.2503086500 0.51717150 0.7456764   0.0009275741 18734 1.0001472 1.0005711
  19  0.24689569 0.11606962 0.0502340575 0.23937650 0.4913364   0.0008391477 19132 1.0002543 1.0006868
  20  0.09823326 0.06611362 0.0084387163 0.08666605 0.2571016   0.0005183031 16271 0.9999984 1.0000295
  21  0.41510691 0.13070774 0.1578734500 0.41695950 0.6666572   0.0009602301 18529 1.0002206 1.0008229
  22  0.08068423 0.05667046 0.0068588433 0.06951100 0.2203441   0.0004102571 19081 0.9999836 1.0000872
  23  0.21339082 0.10925167 0.0324486625 0.20483800 0.4481868   0.0007998260 18658 0.9999892 1.0001409
  24  0.66458919 0.11539349 0.4182438500 0.67275400 0.8655914   0.0008459015 18609 1.0000888 1.0004221
  25  0.08315026 0.05884787 0.0066222255 0.07135125 0.2264858   0.0004416669 17753 0.9999979 1.0001494
  26  0.43101326 0.11700708 0.1991504000 0.43321550 0.6513601   0.0008583529 18582 1.0001231 1.0004722
  27  0.03226538 0.03197947 0.0009507630 0.02250575 0.1198386   0.0002420604 17454 1.0001862 1.0003917
  28  0.18957319 0.10895663 0.0226029350 0.17603550 0.4313066   0.0008391465 16859 0.9999920 1.0000539
  29  0.75854956 0.10067851 0.5356243750 0.76906350 0.9230658   0.0007703359 17081 1.0000389 1.0002389
  30  0.03101541 0.03154434 0.0008327718 0.02093425 0.1163175   0.0002265803 19382 1.0002587 1.0003435
  31  0.46537314 0.13451504 0.1982260250 0.46812250 0.7165749   0.0010017815 18030 0.9999713 1.0001134
  32  0.30313821 0.11845952 0.0836101325 0.29978550 0.5406194   0.0008728447 18419 1.0001084 1.0004820
  33  0.72804370 0.10725233 0.4912830750 0.73750150 0.9079788   0.0007932006 18283 1.0002349 1.0008947
  34  0.03963140 0.03500561 0.0019097253 0.02973190 0.1324151   0.0002715491 16618 1.0000476 1.0001312
  35  0.17442103 0.09585096 0.0242822100 0.16428900 0.3845799   0.0006951016 19015 1.0001577 1.0005403
  36  0.22282364 0.10542231 0.0424090075 0.21457550 0.4467101   0.0007710274 18695 1.0001502 1.0005908
  37  0.32260409 0.12419107 0.0948786950 0.31866400 0.5722722   0.0010987779 12775 1.0000923 1.0004073
  38  0.50549409 0.12668306 0.2476817000 0.51039050 0.7404670   0.0009238575 18803 0.9999628 0.9999749
  39  0.39924277 0.13454847 0.1375228750 0.40120850 0.6552873   0.0009793440 18875 1.0001912 1.0006975
  40  0.70981570 0.10391991 0.4803001250 0.71880600 0.8863794   0.0007401358 19714 1.0001699 1.0004334
  41  0.17667473 0.09770163 0.0249090100 0.16514250 0.3954947   0.0007266924 18076 0.9999370 0.9999732
  42  0.33751114 0.11341854 0.1209035000 0.33769800 0.5612704   0.0008428937 18106 1.0002065 1.0008066
  43  0.70902861 0.10545996 0.4813369250 0.71715600 0.8903081   0.0007726263 18631 1.0000339 1.0002799
  44  0.52759180 0.12951649 0.2608951750 0.53320150 0.7653750   0.0009431674 18857 1.0002782 1.0010434
  45  0.28206824 0.12248198 0.0656625050 0.27554550 0.5368092   0.0009285068 17401 1.0000787 1.0002224
  46  0.30395174 0.12456357 0.0747555325 0.30076350 0.5545618   0.0008945910 19388 1.0000485 1.0002927
  47  0.11621089 0.07214969 0.0124030525 0.10473900 0.2840035   0.0005150791 19621 1.0002522 1.0007548
  48  0.31057930 0.12691728 0.0761637875 0.30693100 0.5674527   0.0009293294 18651 1.0000108 1.0000370
  49  0.35528085 0.11827082 0.1272136000 0.35491650 0.5893854   0.0009085936 16944 1.0000987 1.0004207
  50  0.45873976 0.11479177 0.2254613750 0.46106500 0.6765582   0.0008547767 18035 1.0001573 1.0003592
  51  0.03510193 0.03398168 0.0010892145 0.02499270 0.1247165   0.0002476986 18821 1.0003239 1.0005719
  52  0.03265955 0.03233234 0.0010002114 0.02277745 0.1194432   0.0002371998 18580 0.9999603 0.9999952
  53  0.05772326 0.04499717 0.0037902433 0.04722620 0.1714584   0.0003251712 19149 1.0002919 1.0003400
  54  0.03129436 0.03121833 0.0009060086 0.02158860 0.1163903   0.0002231703 19568 1.0000601 1.0000843
  55  0.12737869 0.07697226 0.0145353600 0.11586650 0.3061911   0.0005577700 19044 1.0001031 1.0003838
  56  0.30805102 0.12636891 0.0774054350 0.30387350 0.5642125   0.0009569558 17438 1.0001216 1.0005338
  57  0.44577966 0.12673040 0.1892572750 0.44895400 0.6820641   0.0009286584 18623 1.0001755 1.0007213
  58  0.10016814 0.06700293 0.0092211630 0.08768080 0.2598503   0.0004827230 19266 1.0001920 1.0007563
  59  0.34757343 0.13229466 0.0981274150 0.34611850 0.6125133   0.0009956823 17654 1.0001281 1.0005360
  60  0.34673297 0.12380963 0.1123778750 0.34548100 0.5912241   0.0008987299 18978 0.9999316 0.9999838
  61  0.03056250 0.03083142 0.0008424796 0.02081955 0.1138604   0.0002196871 19696 1.0004439 1.0009321
  62  0.37210830 0.13713768 0.1098876500 0.37112550 0.6377805   0.0010146384 18268 1.0000285 1.0002368
  63  0.25914682 0.11925615 0.0509767375 0.25287650 0.5060877   0.0008854949 18138 1.0002347 1.0009183
  64  0.18015570 0.09157372 0.0293926725 0.17142650 0.3797763   0.0006871466 17760 1.0000868 1.0003626
  65  0.33933891 0.12914984 0.0985860650 0.33614950 0.5960046   0.0009528046 18373 0.9999759 1.0000990
  66  0.33211607 0.12240351 0.1008019500 0.33191500 0.5710026   0.0008889915 18958 1.0000886 1.0004599
  67  0.22902556 0.09952585 0.0527340225 0.22262500 0.4362864   0.0007577110 17253 1.0000948 1.0004200
  68  0.21965564 0.10220969 0.0447595875 0.21381950 0.4351958   0.0007385779 19151 1.0001270 1.0004508
  69  0.52261752 0.11783349 0.2791004000 0.52788050 0.7378470   0.0008596863 18787 1.0000561 1.0003610
  70  0.65646094 0.12501924 0.3890353750 0.66530650 0.8719723   0.0010998382 12921 1.0003555 1.0012170
  71  0.18114998 0.09684209 0.0254651775 0.17105050 0.3931849   0.0006868579 19879 0.9999552 1.0000426
  72  0.59467901 0.12321009 0.3302208000 0.60283750 0.8104615   0.0009905103 15473 1.0001688 1.0007105
  73  0.33942120 0.11081007 0.1265108250 0.33882700 0.5587090   0.0007993698 19216 0.9999687 1.0001026
  74  0.67414813 0.11967120 0.4177480250 0.68200500 0.8791758   0.0009287167 16604 0.9999700 1.0000171
  75  0.48857490 0.13123109 0.2278114000 0.49171850 0.7358299   0.0009493560 19108 0.9999430 0.9999863
  76  0.46919870 0.12943944 0.2077297750 0.47226350 0.7111215   0.0009517349 18497 1.0000031 1.0000907
  77  0.09812458 0.06283447 0.0092007840 0.08723295 0.2444541   0.0004409246 20308 1.0002657 1.0006642
  78  0.38240014 0.12363929 0.1417775750 0.38281400 0.6207081   0.0008910838 19252 1.0000244 1.0001891
  79  0.48015487 0.11590904 0.2464579250 0.48251050 0.6985925   0.0008826443 17245 0.9999570 1.0000769
  80  0.27820695 0.11825189 0.0694933325 0.27135450 0.5256243   0.0008928295 17542 0.9999845 1.0001123
  81  0.19533774 0.09896046 0.0304277850 0.18754550 0.4079880   0.0007688235 16568 1.0000748 1.0004074
  82  0.61265222 0.11258132 0.3725547500 0.61913900 0.8113932   0.0008267764 18542 0.9999787 1.0000757
  83  0.34232986 0.11302779 0.1249253250 0.34105100 0.5664932   0.0008519548 17601 1.0001784 1.0006698
  84  0.26784523 0.11295532 0.0628819425 0.26404950 0.5010290   0.0008646002 17068 1.0000495 1.0003629
  85  0.26981901 0.10554827 0.0764253750 0.26573600 0.4871235   0.0007906071 17823 0.9999728 1.0000934
  86  0.35544478 0.12928523 0.1083232250 0.35369350 0.6082922   0.0010239471 15942 1.0000081 1.0000871
  87  0.31834996 0.10458076 0.1215178750 0.31567450 0.5337451   0.0007958031 17270 1.0000147 1.0002221
  88  0.30024445 0.12233641 0.0748676525 0.29695200 0.5482372   0.0008662192 19946 1.0000089 1.0001204
  89  0.30187577 0.11743835 0.0821358075 0.29924400 0.5365507   0.0008896590 17425 0.9999187 0.9999441
  90  0.19029513 0.09645469 0.0322300775 0.18205350 0.4000336   0.0007126826 18317 1.0000680 1.0003285
  91  0.31131055 0.12388577 0.0837270350 0.30840350 0.5562876   0.0008818889 19734 1.0000748 1.0003928
  92  0.21587859 0.10438920 0.0389090500 0.20806500 0.4382917   0.0007530897 19214 0.9999950 1.0001630
  93  0.53530633 0.12338939 0.2837752500 0.54043750 0.7617995   0.0011787241 10958 1.0003244 1.0011016
  94  0.42186874 0.13110106 0.1626333250 0.42389500 0.6698563   0.0009415177 19389 1.0000181 1.0001696
  95  0.18137647 0.09123740 0.0292470550 0.17379250 0.3783721   0.0006596183 19132 1.0000502 1.0002974
  96  0.31560945 0.10442643 0.1170876750 0.31297700 0.5253657   0.0007702396 18381 1.0003501 1.0011277
  97  0.19291471 0.10282233 0.0291840500 0.18173200 0.4209419   0.0007460497 18995 0.9999997 1.0000968
  98  0.16110622 0.08817420 0.0228760125 0.15142600 0.3587635   0.0006484274 18491 1.0005005 1.0015439
  99  0.24382655 0.11799615 0.0442151225 0.23506550 0.4885038   0.0008578193 18921 1.0000237 1.0002043
  100 0.27365078 0.11881169 0.0614260950 0.26914750 0.5176461   0.0008733793 18506 1.0002931 1.0007306
  101 0.12487709 0.07545560 0.0145119725 0.11371700 0.2993794   0.0005561603 18407 1.0001271 1.0005787
  102 0.30398852 0.11931539 0.0820971825 0.30201950 0.5427731   0.0008807783 18351 1.0000962 1.0001798
  103 0.16343327 0.09033229 0.0230709625 0.15309700 0.3676538   0.0006628476 18572 1.0001813 1.0006823
  104 0.17012126 0.09572521 0.0225935375 0.15913850 0.3842501   0.0006860833 19467 1.0002242 1.0008977
  105 0.59446382 0.12780580 0.3238416250 0.60180150 0.8190992   0.0009606743 17699 0.9999777 1.0001229
  106 0.12677579 0.07129448 0.0190165875 0.11656300 0.2917004   0.0005170205 19015 1.0000383 1.0002586
  107 0.06174597 0.04719001 0.0042611215 0.05079025 0.1805442   0.0003437208 18849 1.0002088 1.0006697
  108 0.49639169 0.12429245 0.2443424500 0.50243350 0.7242670   0.0009162961 18400 1.0001704 1.0006222
  109 0.26901027 0.10293021 0.0788876600 0.26530250 0.4752811   0.0007549442 18589 0.9999980 1.0001737
  110 0.35234233 0.12415323 0.1201363000 0.34925650 0.5990024   0.0011366789 11930 1.0002781 1.0010714
  111 0.31335558 0.12205020 0.0851310175 0.31049000 0.5564021   0.0009461256 16641 1.0000034 1.0001818
 [ reached getOption("max.print") -- omitted 37 rows ]
Parameter  dSG 
     Statistic
ID         Mean         SD         2.5%         50%     97.5% Time-series SE n.eff      Rhat     R_95%
  1   0.1414889 0.25996918 1.020540e-30 0.005107140 0.9744422   0.0029526705  7752 1.0005253 1.0013011
  2   0.5300166 0.35918675 1.213514e-07 0.564133500 1.0000000   0.0030487764 13880 0.9999823 1.0000841
  3   0.3211051 0.32110362 6.861726e-10 0.217451000 0.9995220   0.0026634079 14535 1.0001015 1.0004099
  4   0.2389048 0.29258276 8.649330e-16 0.103662000 0.9924470   0.0025974796 12688 1.0005035 1.0012918
  5   0.2300898 0.28764594 6.440281e-17 0.093538750 0.9888651   0.0025906691 12328 0.9999587 1.0000178
  6   0.1831765 0.29974735 9.973704e-29 0.012178650 0.9983074   0.0035463747  7144 1.0000791 1.0003496
  7   0.3064592 0.31597003 2.661195e-12 0.197602000 0.9970631   0.0024230944 17004 1.0000810 1.0003563
  8   0.6430811 0.32389152 4.361963e-04 0.715115500 1.0000000   0.0030585762 11214 0.9999934 1.0000736
  9   0.3537388 0.32497653 4.665758e-10 0.275671000 0.9995123   0.0025834947 15823 1.0004579 1.0016221
  10  0.7255978 0.29812750 1.564825e-03 0.830184500 1.0000000   0.0024373715 14961 0.9999766 1.0000287
  11  0.7845269 0.24743547 5.639606e-02 0.870990000 1.0000000   0.0019163203 16672 1.0000405 1.0000419
  12  0.2394050 0.32607090 2.659677e-18 0.053678750 0.9997323   0.0037464568  7575 1.0000357 1.0001529
  13  0.3796779 0.33192219 2.428044e-09 0.311320500 0.9998730   0.0027408196 14666 1.0002757 1.0010288
  14  0.1824505 0.28833745 2.933604e-22 0.020829250 0.9962309   0.0033296560  7499 0.9999892 1.0001212
  15  0.7503523 0.26095583 4.126526e-02 0.827296500 1.0000000   0.0019989721 17042 1.0001440 1.0005270
  16  0.2008297 0.27909044 1.890951e-20 0.053729750 0.9782481   0.0025635933 11852 1.0009783 1.0024829
  17  0.9499293 0.08812007 6.897779e-01 0.991636500 1.0000000   0.0007004253 15828 1.0007019 1.0014113
  18  0.6985902 0.31325289 1.024128e-03 0.804145000 1.0000000   0.0026658131 13808 1.0001839 1.0005890
  19  0.3092797 0.31518827 2.554115e-12 0.207345000 0.9979396   0.0024873554 16057 1.0001320 1.0006112
  20  0.3510130 0.36943546 3.037208e-15 0.197602500 1.0000000   0.0044423328  6916 1.0001222 1.0005473
  21  0.4444149 0.34428190 3.708272e-07 0.413176000 0.9999990   0.0028553665 14538 1.0006779 1.0022255
  22  0.2452613 0.32103159 1.871357e-17 0.070876550 0.9997671   0.0037805068  7211 1.0006842 1.0020245
  23  0.2492732 0.29959816 2.933315e-13 0.113161500 0.9971205   0.0028422519 11111 1.0004817 1.0014264
  24  0.8451516 0.19762220 2.684095e-01 0.917729500 1.0000000   0.0016049351 15162 1.0009525 1.0019576
  25  0.2835242 0.35137411 6.965427e-20 0.081349650 0.9999230   0.0038666273  8258 1.0002531 1.0009711
  26  0.7988407 0.24031816 1.109567e-01 0.891355500 1.0000000   0.0019984921 14460 0.9999698 0.9999955
  27  0.1574708 0.27598877 1.270097e-27 0.008189490 0.9939603   0.0033815958  6661 1.0000672 1.0003280
  28  0.2785110 0.33376691 4.330649e-20 0.107310500 0.9995370   0.0030981468 11606 1.0003211 1.0011458
  29  0.9489090 0.10066820 6.560759e-01 0.994504500 1.0000000   0.0007874080 16345 1.0002606 1.0005840
  30  0.1713240 0.29322878 1.664522e-30 0.006886025 0.9962639   0.0036006784  6632 1.0000130 1.0001750
  31  0.3666112 0.30992428 4.133160e-08 0.317758000 0.9991313   0.0026140223 14057 1.0002500 1.0008572
  32  0.3164953 0.31956853 1.058606e-09 0.209532000 0.9999570   0.0030536362 10952 1.0003680 1.0011985
  33  0.8890329 0.16421962 4.207961e-01 0.964439500 1.0000000   0.0013426839 14959 1.0007630 1.0010237
  34  0.1909734 0.29828003 4.047106e-25 0.020325500 0.9976589   0.0036321635  6744 1.0003209 1.0009208
  35  0.2601591 0.31248631 1.161763e-14 0.112756500 0.9979444   0.0027291641 13110 1.0003817 1.0013462
  36  0.2621644 0.29917692 2.621006e-12 0.139075000 0.9970117   0.0026794590 12467 1.0004616 1.0012848
  37  0.4979596 0.32016766 1.812625e-08 0.529049000 0.9999251   0.0027790279 13273 1.0000008 1.0001108
  38  0.5227700 0.34458949 2.483369e-06 0.547534000 1.0000000   0.0029912327 13271 1.0003077 1.0010436
  39  0.3393972 0.31262338 3.178868e-10 0.267990500 0.9979639   0.0025687939 14811 0.9999646 1.0000287
  40  0.9124782 0.14318429 5.109405e-01 0.979600500 1.0000000   0.0011074961 16715 1.0013153 1.0016879
  41  0.2099146 0.27806519 1.050827e-14 0.076775850 0.9893095   0.0025982862 11453 1.0002767 1.0008307
  42  0.5677038 0.35792096 9.657132e-06 0.625324000 1.0000000   0.0034326728 10872 1.0003691 1.0013263
  43  0.9453438 0.10373551 6.454680e-01 0.992486000 1.0000000   0.0008112759 16350 1.0001821 1.0003925
  44  0.6953019 0.29738057 1.043824e-03 0.780611000 1.0000000   0.0025997149 13085 1.0000083 1.0000732
  45  0.3204093 0.33032766 1.291642e-14 0.203185500 0.9996722   0.0030305289 11881 1.0002544 1.0009534
  46  0.2950003 0.30109984 5.500104e-11 0.199311000 0.9933479   0.0024371169 15264 1.0001972 1.0007998
  47  0.2212473 0.29664946 4.970930e-16 0.065459600 0.9961543   0.0030406799  9518 1.0002446 1.0007818
  48  0.2238504 0.26074909 7.968307e-12 0.118953500 0.9325480   0.0021303570 14981 1.0001818 1.0007117
  49  0.2573673 0.29418035 2.359566e-10 0.137533000 0.9977061   0.0026714981 12126 1.0008182 1.0024615
  50  0.6402106 0.33091636 4.722097e-04 0.718221000 1.0000000   0.0028034700 13933 1.0000770 1.0003256
  51  0.1863972 0.30082209 1.892481e-25 0.014316850 0.9989912   0.0038595492  6075 0.9999874 1.0000381
  52  0.1859697 0.30268974 4.994136e-28 0.011649650 0.9989176   0.0037357718  6565 1.0000236 1.0002257
  53  0.1880713 0.29116297 6.342667e-22 0.025277100 0.9940586   0.0033526859  7542 1.0002327 1.0007089
  54  0.1732252 0.29259820 1.196419e-28 0.008592560 0.9965709   0.0035757235  6696 0.9999515 0.9999956
  55  0.2416223 0.30562659 4.112045e-16 0.089356650 0.9976622   0.0028325484 11642 1.0000167 1.0001946
  56  0.3485295 0.34004319 1.792198e-10 0.239892500 0.9999820   0.0030698121 12270 1.0010520 1.0032343
  57  0.6833111 0.32042534 3.573057e-04 0.788545500 1.0000000   0.0026001905 15186 0.9999892 1.0000607
  58  0.2096214 0.29584298 4.163527e-21 0.045707100 0.9936564   0.0031918275  8591 1.0001886 1.0006387
  59  0.5491629 0.36371630 1.034576e-08 0.606203500 1.0000000   0.0031268991 13530 1.0004705 1.0016524
  60  0.4229622 0.33002231 3.465970e-08 0.395826000 0.9999720   0.0025026839 17389 1.0002030 1.0007691
  61  0.1716069 0.29358533 9.415114e-30 0.007421670 0.9973234   0.0037436633  6150 1.0005533 1.0014143
  62  0.4152624 0.35252843 4.182987e-11 0.364162000 0.9999890   0.0031149673 12808 1.0001296 1.0005994
  63  0.2696241 0.30365119 1.515429e-11 0.145963000 0.9988832   0.0028071363 11701 1.0007205 1.0019342
  64  0.6307345 0.36631322 5.023121e-07 0.766340000 1.0000000   0.0041407849  7826 1.0003206 1.0011381
  65  0.2843164 0.28733331 1.113092e-10 0.197238000 0.9880087   0.0024137136 14171 1.0002635 1.0008253
  66  0.5684832 0.33491846 1.132234e-05 0.604546000 1.0000000   0.0027929274 14380 1.0000416 1.0002460
  67  0.6388792 0.34510439 2.080697e-05 0.742748000 1.0000000   0.0036158894  9109 1.0003771 1.0011626
  68  0.3442491 0.33017798 3.354313e-10 0.247780000 0.9999201   0.0028946280 13011 1.0000550 1.0003716
  69  0.7448394 0.26629849 4.683937e-02 0.820780500 1.0000000   0.0021484769 15363 1.0003296 1.0010749
  70  0.5856747 0.34202622 1.436906e-05 0.642380500 1.0000000   0.0032844651 10844 1.0000422 1.0002785
  71  0.4134833 0.36977993 4.057887e-11 0.340180500 0.9999980   0.0034285947 11632 1.0002574 1.0009466
  72  0.8443327 0.19994811 2.604525e-01 0.921582500 1.0000000   0.0016282333 15080 1.0002418 1.0006723
  73  0.5098657 0.34914434 4.250222e-06 0.515434000 1.0000000   0.0031392084 12370 1.0002590 1.0009158
  74  0.7104754 0.28884168 1.130955e-02 0.789107500 1.0000000   0.0025454782 12876 1.0003645 1.0008982
  75  0.5321025 0.33057697 5.926810e-06 0.555838500 1.0000000   0.0027563398 14384 1.0000584 1.0002421
  76  0.4959731 0.35223360 5.606031e-07 0.498404500 1.0000000   0.0029948329 13833 1.0001394 1.0005632
  77  0.1911603 0.28088456 1.120624e-17 0.042652550 0.9886317   0.0028763700  9536 1.0005452 1.0015027
  78  0.6515363 0.31196267 6.954526e-04 0.721914500 1.0000000   0.0022691345 18901 1.0000704 1.0003928
  79  0.4964896 0.35846831 2.486698e-07 0.498529500 1.0000000   0.0033029086 11779 1.0000031 1.0001505
  80  0.2754221 0.29422904 5.390074e-12 0.172257000 0.9939596   0.0026336669 12481 1.0001474 1.0005595
  81  0.3527461 0.35165266 1.817441e-11 0.231745500 1.0000000   0.0038983582  8137 1.0000120 1.0002327
  82  0.8998469 0.15167289 4.700194e-01 0.969535500 1.0000000   0.0011893444 16263 1.0006052 1.0011916
  83  0.4386261 0.35096108 1.710201e-07 0.393848500 1.0000000   0.0031457674 12447 1.0001838 1.0006938
  84  0.3120730 0.31883405 1.339140e-09 0.203101000 0.9999930   0.0032696199  9509 1.0005699 1.0018090
  85  0.4289357 0.36587341 2.803152e-09 0.371437500 1.0000000   0.0036164871 10235 0.9999587 1.0000552
  86  0.3802766 0.34059761 6.978354e-09 0.305149500 0.9999920   0.0030035717 12859 0.9999707 1.0000174
  87  0.3938356 0.35297985 2.729146e-09 0.309801500 0.9999990   0.0033045101 11410 0.9999438 0.9999995
  88  0.3882804 0.33662943 2.029289e-09 0.325263500 0.9999580   0.0026021136 16736 0.9999376 1.0000048
  89  0.2904832 0.31596518 1.210465e-10 0.164169500 0.9993262   0.0027818104 12901 1.0000805 1.0004124
  90  0.3935795 0.35419576 6.642853e-10 0.312827000 0.9999980   0.0034344263 10636 1.0001087 1.0004914
  91  0.3451322 0.32172509 8.423516e-10 0.264928500 0.9995462   0.0024377310 17418 1.0002752 1.0008109
  92  0.2833320 0.31608967 2.504055e-12 0.153225000 0.9989404   0.0026964063 13742 1.0001980 1.0006870
  93  0.2728666 0.30446333 2.477422e-08 0.151129000 0.9999470   0.0032474356  8790 1.0009243 1.0026709
  94  0.5498205 0.34115998 8.407043e-06 0.586429000 1.0000000   0.0025776753 17517 1.0006163 1.0020440
  95  0.3215887 0.33777846 5.936403e-12 0.194657500 0.9999640   0.0031439281 11543 1.0002918 1.0009994
  96  0.3609863 0.33992198 1.118497e-08 0.262280000 0.9999980   0.0031435203 11693 1.0002817 1.0009506
  97  0.2359848 0.29199557 9.014863e-15 0.101547500 0.9924608   0.0025146815 13483 1.0002662 1.0008277
  98  0.2734961 0.31171708 2.770403e-13 0.138879000 0.9982370   0.0028664322 11826 1.0000054 1.0002058
  99  0.3427666 0.34517130 2.934811e-13 0.226458500 0.9999040   0.0029936901 13294 0.9999999 1.0001771
  100 0.2808546 0.29178632 5.337176e-11 0.183353500 0.9913150   0.0024150062 14598 1.0007130 1.0021794
  101 0.2155769 0.28821979 1.633323e-15 0.071068800 0.9946785   0.0029956334  9257 0.9999546 1.0000353
  102 0.5927009 0.35113605 7.445695e-06 0.669246000 1.0000000   0.0028236736 15464 1.0000839 1.0003552
  103 0.2774109 0.31388947 6.957077e-15 0.142209000 0.9980130   0.0026411793 14124 1.0003682 1.0009983
  104 0.2536540 0.30908246 7.976780e-16 0.104499500 0.9963971   0.0027623086 12520 1.0002496 1.0007163
  105 0.5912233 0.32124719 1.599131e-05 0.648730500 1.0000000   0.0032012869 10070 1.0003778 1.0011329
  106 0.3807778 0.38092613 1.508167e-14 0.244758000 1.0000000   0.0042999288  7848 1.0000005 1.0001820
  107 0.2391510 0.32441189 5.725623e-20 0.051146700 0.9992074   0.0037517429  7477 1.0003956 1.0011873
  108 0.7493116 0.30179141 1.112686e-03 0.881707000 1.0000000   0.0026698842 12777 0.9999303 0.9999831
  109 0.4559003 0.36126753 2.333627e-08 0.427412000 1.0000000   0.0033166150 11865 1.0001137 1.0005098
  110 0.8441830 0.21176321 2.025847e-01 0.934917000 1.0000000   0.0017245041 15079 1.0002503 1.0007844
  111 0.7035033 0.31632246 4.536826e-04 0.822390000 1.0000000   0.0026406089 14350 1.0004115 1.0012757
 [ reached getOption("max.print") -- omitted 37 rows ]
Parameter  DSG 
     Statistic
ID          Mean         SD         2.5%        50%     97.5% Time-series SE n.eff      Rhat     R_95%
  1   0.08334440 0.09422356 3.160399e-04 0.04982650 0.3407214   0.0008961488 11055 1.0008743 1.0017087
  2   0.35552541 0.16190329 5.629377e-02 0.35505550 0.6725103   0.0012651011 16378 0.9999822 1.0001366
  3   0.27731489 0.15255740 2.923355e-02 0.26453350 0.6042163   0.0011887389 16470 1.0002943 1.0010911
  4   0.19305540 0.12026566 1.383536e-02 0.17796200 0.4614628   0.0009142572 17304 1.0000206 1.0002220
  5   0.20261831 0.11942348 1.850469e-02 0.18899400 0.4633773   0.0008869575 18129 1.0000542 1.0002844
  6   0.09365366 0.11806495 9.851192e-05 0.04746045 0.4325194   0.0011976572  9718 1.0007398 1.0016797
  7   0.29050286 0.15817949 2.793877e-02 0.28059100 0.6249862   0.0011431709 19146 1.0002223 1.0007388
  8   0.37000875 0.15936235 6.964221e-02 0.36717300 0.6809780   0.0013247119 14472 1.0000050 1.0001409
  9   0.34001663 0.16259620 4.967461e-02 0.33573300 0.6682091   0.0012039209 18240 1.0000077 1.0001202
  10  0.58707261 0.17376429 2.065304e-01 0.60057600 0.8836061   0.0013288087 17100 1.0003373 1.0011611
  11  0.64603304 0.14527745 3.369174e-01 0.65584700 0.8978216   0.0010910480 17730 1.0000776 1.0003647
  12  0.14788433 0.14471029 1.127559e-03 0.10207250 0.5278907   0.0013848033 10920 1.0001509 1.0005588
  13  0.32928482 0.16640196 4.039369e-02 0.32295300 0.6734495   0.0012657161 17284 1.0001223 1.0004367
  14  0.10970818 0.12101172 3.789907e-04 0.06784580 0.4402319   0.0011554834 10968 1.0001153 1.0003321
  15  0.59891876 0.15363199 2.755533e-01 0.60520800 0.8735562   0.0011208641 18787 0.9999696 1.0000538
  16  0.16428320 0.11450748 8.125196e-03 0.14335150 0.4283509   0.0008648542 17530 1.0001209 1.0004534
  17  0.77234509 0.11299827 5.185917e-01 0.78467000 0.9510965   0.0008426842 17981 1.0007509 1.0022151
  18  0.49512978 0.17553275 1.292783e-01 0.50675150 0.8071497   0.0014017523 15681 0.9999682 1.0000996
  19  0.27384014 0.14711601 2.866193e-02 0.26298000 0.5843168   0.0010829950 18453 1.0000654 1.0002124
  20  0.17576434 0.15225063 1.849174e-03 0.13780100 0.5526870   0.0014172818 11540 1.0015177 1.0038639
  21  0.32190230 0.15109609 4.860128e-02 0.31757200 0.6253453   0.0011452590 17406 1.0000256 1.0002279
  22  0.14500375 0.13299151 1.785068e-03 0.10588900 0.4809669   0.0012299275 11692 1.0003987 1.0012825
  23  0.18437424 0.12075054 1.098220e-02 0.16615050 0.4565145   0.0009144882 17435 1.0000007 1.0000656
  24  0.64094643 0.12850536 3.691447e-01 0.65136900 0.8658636   0.0009796733 17206 1.0003037 1.0011152
  25  0.19176456 0.18173087 1.651061e-03 0.13420450 0.6579773   0.0018663867  9481 1.0003823 1.0012191
  26  0.52584747 0.16815912 1.716409e-01 0.53434700 0.8310088   0.0012934552 16902 1.0000470 1.0001953
  27  0.08421190 0.10630455 9.315868e-05 0.04346905 0.3799263   0.0010710004  9852 1.0002996 1.0009601
  28  0.17424198 0.11842076 9.670490e-03 0.15379200 0.4450043   0.0009172466 16668 1.0000454 1.0003015
  29  0.75115731 0.11799582 4.818898e-01 0.76692600 0.9347182   0.0008860103 17736 1.0002470 1.0006246
  30  0.09000070 0.11741534 6.854130e-05 0.04367225 0.4330785   0.0011183936 11022 1.0011222 1.0024068
  31  0.45164790 0.17527539 1.110175e-01 0.45209850 0.7888086   0.0013812778 16102 1.0000475 1.0000967
  32  0.30284665 0.18058692 2.486533e-02 0.28424900 0.7060940   0.0015826351 13020 1.0007452 1.0023902
  33  0.63175224 0.13417612 3.442879e-01 0.64311550 0.8600544   0.0010813624 15396 1.0003677 1.0010803
  34  0.10645493 0.12122346 2.957941e-04 0.06279095 0.4383766   0.0012093959 10047 1.0007048 1.0019535
  35  0.19349378 0.13511477 8.406333e-03 0.17144900 0.5005676   0.0010469925 16654 1.0001763 1.0005701
  36  0.24901556 0.16307423 1.474706e-02 0.22480750 0.6271715   0.0013737225 14092 1.0001653 1.0006488
  37  0.57382859 0.15023492 2.661244e-01 0.57908550 0.8454700   0.0011869697 16020 1.0006047 1.0019472
  38  0.45420119 0.18588429 8.777767e-02 0.45743750 0.8084403   0.0014949888 15460 1.0001355 1.0005892
  39  0.39918182 0.16652350 8.157367e-02 0.39841150 0.7259845   0.0012854072 16783 1.0000566 1.0001016
  40  0.77730428 0.12693423 4.860331e-01 0.79443750 0.9709551   0.0009422721 18147 0.9999642 0.9999935
  41  0.17740562 0.12308486 9.364461e-03 0.15526200 0.4655687   0.0010288917 14311 1.0000808 1.0002735
  42  0.32985331 0.17335440 3.505086e-02 0.32462250 0.6822495   0.0014228509 14844 1.0000432 1.0002558
  43  0.74228131 0.11685819 4.803659e-01 0.75492850 0.9293044   0.0008579305 18553 1.0002753 1.0007678
  44  0.55556190 0.14454546 2.526917e-01 0.56385900 0.8135751   0.0010894596 17603 1.0001622 1.0007003
  45  0.22102112 0.11844346 2.970438e-02 0.21021100 0.4747955   0.0008875967 17807 1.0001324 1.0003004
  46  0.34790362 0.17321125 4.522440e-02 0.34051900 0.7024791   0.0012765834 18410 1.0001869 1.0006001
  47  0.14510861 0.12047951 3.435903e-03 0.11617500 0.4445653   0.0010061293 14339 1.0004129 1.0009956
  48  0.30779775 0.16145639 3.517051e-02 0.29625350 0.6473314   0.0011901429 18404 1.0001672 1.0006831
  49  0.26795345 0.16711631 2.036096e-02 0.24589250 0.6492455   0.0014214559 13822 1.0004329 1.0015233
  50  0.41963773 0.18135879 7.271087e-02 0.42101750 0.7669960   0.0014869971 14875 1.0000365 1.0002088
  51  0.09416815 0.11650853 1.166144e-04 0.04935685 0.4226436   0.0011889245  9603 1.0004110 1.0012930
  52  0.09444370 0.11919789 9.552414e-05 0.04730035 0.4315588   0.0011908482 10019 1.0004528 1.0013991
  53  0.11010406 0.11259600 7.221612e-04 0.07349330 0.4074128   0.0010556235 11377 1.0001471 1.0005722
  54  0.08959277 0.11485298 9.117218e-05 0.04492125 0.4149060   0.0011635194  9744 1.0006051 1.0016017
  55  0.18578704 0.14514937 5.848528e-03 0.15529200 0.5406216   0.0012120214 14342 1.0000812 1.0003537
  56  0.20531076 0.12058851 1.918780e-02 0.19177600 0.4702436   0.0009791009 15169 1.0001350 1.0005673
  57  0.52596504 0.18369321 1.340254e-01 0.53932350 0.8513707   0.0013971995 17285 1.0002285 1.0008966
  58  0.16260637 0.13970856 2.835814e-03 0.12679650 0.5116479   0.0012024198 13500 1.0006486 1.0014499
  59  0.32736308 0.14759477 5.454710e-02 0.32496100 0.6144763   0.0011005957 17984 1.0001005 1.0003269
  60  0.39964594 0.16300312 8.760639e-02 0.39887250 0.7167428   0.0011776010 19160 0.9999899 1.0000946
  61  0.08975599 0.11711028 7.096592e-05 0.04332075 0.4269120   0.0011311439 10719 1.0016055 1.0033640
  62  0.29111951 0.14011901 4.388786e-02 0.28653450 0.5751765   0.0010903625 16514 0.9999798 1.0000880
  63  0.22528378 0.13829437 1.801029e-02 0.20769200 0.5334198   0.0010495234 17363 1.0000292 1.0001936
  64  0.39343882 0.22456917 1.851296e-02 0.39193950 0.8147572   0.0022351000 10095 1.0000911 1.0004879
  65  0.33961610 0.15486115 5.826000e-02 0.33611400 0.6532964   0.0011778983 17285 1.0002681 1.0010406
  66  0.38033901 0.15819408 8.148085e-02 0.38015050 0.6938660   0.0012215486 16771 0.9999378 1.0000064
  67  0.41534635 0.21066267 3.779947e-02 0.41652600 0.8225257   0.0019682943 11455 1.0005704 1.0019785
  68  0.28662689 0.17167751 2.243201e-02 0.26913300 0.6609297   0.0013760205 15566 1.0001646 1.0006096
  69  0.60547540 0.17142277 2.512243e-01 0.61308450 0.9170054   0.0013057964 17234 0.9999246 0.9999457
  70  0.43014289 0.16171087 1.083874e-01 0.43376750 0.7329481   0.0014700381 12101 1.0002501 1.0009165
  71  0.23954920 0.16059840 1.108534e-02 0.21508800 0.5997248   0.0013028822 15194 1.0000614 1.0002414
  72  0.74491387 0.13831642 4.398459e-01 0.76043550 0.9619573   0.0011604805 14206 1.0001790 1.0006158
  73  0.37732699 0.19255886 4.208469e-02 0.37000800 0.7748960   0.0016305671 13946 1.0001044 1.0004401
  74  0.49569140 0.15048735 1.830274e-01 0.50240100 0.7717212   0.0012869219 13674 1.0007293 1.0024202
  75  0.40830108 0.14605287 1.203660e-01 0.40892350 0.6907052   0.0011254164 16842 1.0001389 1.0004967
  76  0.33647214 0.16112968 4.780968e-02 0.33208050 0.6636128   0.0013486607 14274 1.0001920 1.0006775
  77  0.13465111 0.12061131 1.969438e-03 0.10195300 0.4396481   0.0010485165 13232 1.0004235 1.0013131
  78  0.48357622 0.16208180 1.486906e-01 0.48857800 0.7826321   0.0011691463 19219 1.0000397 1.0002992
  79  0.41333172 0.20685152 4.491337e-02 0.41062300 0.8256735   0.0018776772 12136 1.0007440 1.0024998
  80  0.27836775 0.13856859 3.713987e-02 0.27002550 0.5646057   0.0010615867 17038 1.0003930 1.0012280
  81  0.24213607 0.17201175 1.006005e-02 0.21069000 0.6436605   0.0016751566 10544 1.0004307 1.0012470
  82  0.67360738 0.14109786 3.632312e-01 0.68637150 0.9095515   0.0010446536 18243 1.0001247 1.0002084
  83  0.30343438 0.17059568 2.770600e-02 0.28936750 0.6669996   0.0015577727 11993 1.0000688 1.0001842
  84  0.33470703 0.21026616 2.239392e-02 0.30540950 0.8121114   0.0022078306  9070 1.0007462 1.0022699
  85  0.28617492 0.17658736 1.730710e-02 0.26689950 0.6698158   0.0014264592 15325 1.0002222 1.0005408
  86  0.25383442 0.13717149 2.851269e-02 0.24326550 0.5427414   0.0010515316 17017 1.0002525 1.0008952
  87  0.29951849 0.18567452 1.853310e-02 0.27889800 0.7078407   0.0016251016 13054 1.0000225 1.0001595
  88  0.30509167 0.15707277 3.685400e-02 0.29700050 0.6324942   0.0011318374 19259 1.0000746 1.0003011
  89  0.23852237 0.14876155 1.729472e-02 0.22046200 0.5708117   0.0011841956 15781 1.0003116 1.0011544
  90  0.26004724 0.16834266 1.310012e-02 0.23885900 0.6321239   0.0014102196 14250 1.0003776 1.0011267
  91  0.32917249 0.16734518 4.214239e-02 0.32058600 0.6773557   0.0012437639 18103 1.0000935 1.0004593
  92  0.23301729 0.14951529 1.488522e-02 0.21371750 0.5694387   0.0011623910 16545 0.9999886 1.0000204
  93  0.37718332 0.22640139 3.024698e-02 0.35158750 0.8609749   0.0025175921  8087 1.0010662 1.0032580
  94  0.37428589 0.15239476 8.199380e-02 0.37525500 0.6736891   0.0011210043 18481 1.0000629 1.0002316
  95  0.22242901 0.15752676 8.912127e-03 0.19649650 0.5873530   0.0013340627 13943 1.0001723 1.0005339
  96  0.28424690 0.18103581 1.675759e-02 0.25942350 0.6946901   0.0016187803 12507 1.0003284 1.0011959
  97  0.19623643 0.13235483 1.037042e-02 0.17591900 0.5007695   0.0010129130 17074 1.0001162 1.0004407
  98  0.22810038 0.15812563 1.069102e-02 0.20258700 0.5927213   0.0013014125 14763 1.0007115 1.0017954
  99  0.22686758 0.13810120 1.682615e-02 0.21187100 0.5289679   0.0010453517 17453 1.0000047 1.0002223
  100 0.31363475 0.15444029 4.500590e-02 0.30686150 0.6313420   0.0011475336 18113 0.9999779 1.0001129
  101 0.17492209 0.14171055 4.247586e-03 0.14307150 0.5254105   0.0012819367 12220 0.9999525 1.0000267
  102 0.36926423 0.17120343 5.235737e-02 0.36938300 0.6975365   0.0012755436 18015 1.0000256 1.0002712
  103 0.24116300 0.15186801 1.456419e-02 0.22324500 0.5782746   0.0011563032 17250 1.0002324 1.0007850
  104 0.19016653 0.13271368 8.758794e-03 0.16756750 0.4962169   0.0010096456 17278 0.9999721 1.0000490
  105 0.64646409 0.15964548 3.018813e-01 0.65831900 0.9133966   0.0014325040 12420 1.0000111 1.0000459
  106 0.22494298 0.19495152 2.816830e-03 0.17389050 0.6971846   0.0019497102  9998 1.0001032 1.0003907
  107 0.13343746 0.13109140 1.022527e-03 0.09253740 0.4739522   0.0011870404 12196 1.0002947 1.0008254
  108 0.56601750 0.19499927 1.394889e-01 0.58511600 0.8868015   0.0015545812 15734 1.0000216 1.0001924
  109 0.33199633 0.19441381 2.240990e-02 0.31743100 0.7430216   0.0016211850 14381 1.0004170 1.0012893
  110 0.54266481 0.13497638 2.724042e-01 0.54617250 0.7935638   0.0010192486 17537 0.9999356 0.9999653
  111 0.44814935 0.17439242 9.019225e-02 0.45620450 0.7632833   0.0012890050 18304 1.0003507 1.0012862
 [ reached getOption("max.print") -- omitted 37 rows ]


#################################
#### Transformed Parameters (Group level)
              Mean         SD       2.5%        50%     97.5% Time-series SE n.eff     Rhat    R_95%
delta_D 0.03056963 0.07082322 -0.1115792 0.03229655 0.1641620   0.0007692725  8476 1.000511 1.001700
delta_d 0.13902178 0.27709200 -0.4528940 0.13622900 0.6777385   0.0038869294  5082 1.001015 1.003254


#################################
#### Model information
$model
[1] "traitMPT"

$thetaNames
  Parameter theta
1         a     1
2         b     2
3      dNSG     3
4      DNSG     4
5       DNw     4
6       dSG     5
7       DSG     6
8         g     1

$thetaUnique
[1] "a"    "b"    "dNSG" "DNSG" "dSG"  "DSG" 

$thetaFixed
NULL

$MPT
   Tree Category                                                                                                Equation
1 T_NSG  NSG_NSG theta[4,n]*theta[3,n]+theta[4,n]*(1-theta[3,n])*(1-theta[1,n])+(1-theta[4,n])*theta[2,n]*(1-theta[1,n])
2 T_NSG   NSG_Nw                                                                           (1-theta[4,n])*(1-theta[2,n])
3 T_NSG   NSG_SG                               theta[4,n]*(1-theta[3,n])*theta[1,n]+(1-theta[4,n])*theta[2,n]*theta[1,n]
4  T_Nw   Nw_NSG                                                                (1-theta[4,n])*theta[2,n]*(1-theta[1,n])
5  T_Nw    Nw_Nw                                                                theta[4,n]+(1-theta[4,n])*(1-theta[2,n])
6  T_Nw    Nw_SG                                                                    (1-theta[4,n])*theta[2,n]*theta[1,n]
7  T_SG   SG_NSG                       theta[6,n]*(1-theta[5,n])*(1-theta[1,n])+(1-theta[6,n])*theta[2,n]*(1-theta[1,n])
8  T_SG    SG_Nw                                                                           (1-theta[6,n])*(1-theta[2,n])
9  T_SG    SG_SG         theta[6,n]*theta[5,n]+theta[6,n]*(1-theta[5,n])*theta[1,n]+(1-theta[6,n])*theta[2,n]*theta[1,n]
                                             Eqn
1 DNSG*dNSG+DNSG*(1-dNSG)*(1-a)+(1-DNSG)*b*(1-g)
2                                 (1-DNSG)*(1-b)
3                   DNSG*(1-dNSG)*a+(1-DNSG)*b*g
4                                (1-DNw)*b*(1-g)
5                              DNw+(1-DNw)*(1-b)
6                                    (1-DNw)*b*g
7              DSG*(1-dSG)*(1-a)+(1-DSG)*b*(1-g)
8                                  (1-DSG)*(1-b)
9              DSG*dSG+DSG*(1-dSG)*a+(1-DSG)*b*g

$eqnfile
[1] "self_reference_MPT/model.eqn"

$data
    NSG_NSG NSG_Nw NSG_SG Nw_NSG Nw_Nw Nw_SG SG_NSG SG_Nw SG_SG
1         2      0      8      4     0    16      3     2     5
2         4      2      4      0    15     5      1     4     5
3         4      1      5      2    13     5      4     3     3
4         2      6      2      5    14     1      3     6     1
5         1      7      2      1    17     2      2     7     1
6         4      0      6     11     0     9      3     0     7
7         1      5      4      4    13     3      3     3     4
8         7      3      0      8    12     0      3     3     4
9         2      3      5      2    15     3      3     3     4
10        3      2      5      1    16     3      1     1     8
11        3      5      2      1    17     2      1     1     8
12        5      0      5      4     2    14      3     0     7
13        2      2      6      7    13     0      4     2     4
14        4      0      6      8     1    11      5     0     5
15        5      4      1      2    16     2      2     1     7
16        0      7      3      3    12     5      2     6     2
17        6      4      0      2    18     0      0     1     9
18        4      1      5      2    15     3      1     2     7
19        2      5      3      4    14     2      3     4     3
20       10      0      0     15     2     3      5     1     4
21        6      2      2      2    15     3      3     4     3
22        6      1      3     13     2     5      5     1     4
23        5      3      2      5    11     4      4     5     1
24        7      3      0      0    20     0      1     3     6
25        4      2      4      4     2    14      1     0     9
26        7      1      2      7    12     1      2     1     7
27        5      0      5      9     0    11      6     0     4
28        0      5      5      2    13     5      0     7     3
29        9      1      0      0    19     1      0     2     8
30        4      0      6      6     0    14      2     0     8
31        3      3      4      2    17     1      4     2     4
32        7      2      1      7    11     2      7     1     2
33        9      1      0      1    19     0      1     3     6
34        3      1      6     15     0     5      5     0     5
35        3      2      5      4     8     8      3     3     4
36        3      2      5      8     9     3      6     1     3
37        1      8      1      0    19     1      2     2     6
38        3      1      6      3    15     2      3     1     6
39        2      4      4      0    17     3      3     3     4
40        8      1      1      1    18     1      1     0     9
41        5      5      0      5    11     4      5     5     0
42        8      0      2      3     9     8      2     2     6
43        8      2      0      0    19     1      0     2     8
44        3      4      3      0    19     1      1     3     6
45        2      7      1      1    19     0      1     8     1
46        2      4      4      2    14     4      4     2     4
47        4      0      6     10     4     6      5     2     3
48        2      4      4      2    15     3      5     3     2
49        4      0      6      3    11     6      7     1     2
50        8      0      2      3    12     5      3     1     6
51        7      0      3     11     0     9      5     0     5
52        4      0      6     11     0     9      3     0     7
53        5      0      5      8     1    11      4     1     5
54        4      0      6      8     0    12      3     0     7
55        3      2      5      6     5     9      4     1     5
56        6      3      1      2    14     4      2     7     1
57        3      2      5      2    14     4      1     1     8
58        1      2      7      4     4    12      3     1     6
59        2      5      3      1    17     2      0     6     4
60        4      5      1      1    16     3      3     3     4
61        3      0      7      8     0    12      2     0     8
62        2      4      4      1    17     2      1     6     3
63        6      3      1      5    12     3      5     4     1
64        5      2      3      8     5     7      0     1     9
65        3      5      2      3    17     0      4     4     2
66        5      4      1      6    14     0      3     3     4
67        7      2      1      7     6     7      2     0     8
68        5      3      2      7     9     4      5     1     4
69        7      2      1      3    15     2      3     0     7
70        5      0      5      1    18     1      2     4     4
71        5      2      3      5     7     8      1     3     6
72        3      3      4      2    18     0      1     0     9
73        6      1      3      5    10     5      4     0     6
74        8      1      1      1    19     0      2     4     4
75        5      4      1      1    19     0      2     5     3
76        6      0      4      3    14     3      3     3     4
77        4      0      6      7     3    10      6     1     3
78        4      4      2      3    15     2      2     2     6
79        3      0      7      2    13     5      3     0     7
80        3      7      0      2    18     0      3     6     1
81        8      2      0     13     7     0      7     1     2
82        8      1      1      3    16     1      1     1     8
83        7      0      3      7    10     3      5     1     4
84        7      3      0      9    10     1      8     0     2
85        4      0      6      4     8     8      2     1     7
86        6      2      2      3    14     3      3     5     2
87        4      0      6      4     9     7      4     0     6
88        3      3      4      5    13     2      3     3     4
89        4      0      6      4    10     6      5     2     3
90        8      2      0      6     6     8      4     1     5
91        3      3      4      4    13     3      4     2     4
92        4      2      4      3     9     8      4     2     4
93        5      0      5      5    15     0      9     0     1
94        5      3      2      2    16     2      2     4     4
95        6      1      3      5     6     9      4     1     5
96        6      0      4      6     9     5      6     0     4
97        2      2      6      5     9     6      4     3     3
98        4      3      3      7     7     6      5     1     4
99        2      3      5      3    12     5      1     5     4
100       3      6      1      3    16     1      4     4     2
101       5      2      3     10     5     5      7     1     2
102       4      3      3      4    12     4      1     3     6
103       3      6      1      2    10     8      3     3     4
104       1      2      7      7     8     5      3     3     4
105       2      3      5      0    19     1      2     1     7
106       5      0      5      6     3    11      1     0     9
107       5      1      4     11     1     8      3     1     6
108       3      1      6      1    14     5      0     1     9
109       5      1      4      4     8     8      3     0     7
110       2      8      0      1    19     0      0     4     6
111       2      4      4      5    13     2      0     3     7
 [ reached 'max' / getOption("max.print") -- omitted 37 rows ]

$restrictions
$restrictions[[1]]
[1] "a = g"

$restrictions[[2]]
[1] "DNSG = DNw"


$covData
NULL

$corProbit
[1] TRUE

$predTable
NULL

$predFactorLevels
NULL

$predType
NULL

$transformedParameters
[1] "delta_D" "delta_d"

$hyperprior
$hyperprior$mu
           a            b         dNSG         DNSG          dSG          DSG 
"dnorm(0,1)" "dnorm(0,1)" "dnorm(0,1)" "dnorm(0,1)" "dnorm(0,1)" "dnorm(0,1)" 

$hyperprior$xi
[1] "dunif(0,10)"

$hyperprior$V
     [,1] [,2] [,3] [,4] [,5] [,6]
[1,]    1    0    0    0    0    0
[2,]    0    1    0    0    0    0
[3,]    0    0    1    0    0    0
[4,]    0    0    0    1    0    0
[5,]    0    0    0    0    1    0
[6,]    0    0    0    0    0    1

$hyperprior$df
[1] 7

$hyperprior$IVprec
[1] "dgamma(.5,.5)"


